-5.167612078471718	-85.67215673876267
-5.012941716513495	-86.22217127768468
-5.012941716513495	-86.22217127768468
-5.012941716513495	-86.22217127768468
-5.012941716513495	-86.22217127768468
-5.012941716513495	-86.22217127768468
-5.012941716513495	-86.22217127768468
-5.012941716513495	-86.22217127768468
-5.012941716513495	-86.22217127768468
-5.012941716513495	-86.22217127768468
-5.012941716513495	-86.22217127768468
-5.012941716513495	-86.22217127768468
-5.012941716513495	-86.22217127768468
-5.012941716513495	-86.22217127768468
-5.012941716513495	-86.22217127768468
-5.012941716513495	-86.22217127768468
-5.012941716513495	-86.22217127768468
-5.012941716513495	-86.22217127768468
-5.012941716513495	-86.22217127768468
-5.012941716513495	-86.22217127768468
-5.012941716513495	-86.22217127768468
-5.012941716513495	-86.22217127768468
-5.012941716513495	-86.22217127768468
-5.012941716513495	-86.22217127768468
-5.012941716513495	-86.22217127768468
-5.012941716513495	-86.22217127768468
-5.012941716513495	-86.22217127768468
-5.012941716513495	-86.22217127768468
-5.012941716513495	-86.22217127768468
-5.012941716513495	-86.22217127768468
-5.012941716513495	-86.22217127768468
-5.012941716513495	-86.22217127768468
-5.012941716513495	-86.22217127768468
-5.012941716513495	-86.22217127768468
-4.949635848172658	-86.24657400361416
-4.949635848172658	-86.24657400361416
-4.949635848172658	-86.24657400361416
-4.949635848172658	-86.24657400361416
-4.949635848172658	-86.24657400361416
-4.949635848172658	-86.24657400361416
-4.949635848172658	-86.24657400361416
-4.949635848172658	-86.24657400361416
-4.949635848172658	-86.24657400361416
-4.949635848172658	-86.24657400361416
-4.949635848172658	-86.24657400361416
-4.949635848172658	-86.24657400361416
-4.949635848172658	-86.24657400361416
-4.949635848172658	-86.24657400361416
-4.949635848172658	-86.24657400361416
-4.949635848172658	-86.24657400361416
-4.949635848172658	-86.24657400361416
-4.949635848172658	-86.24657400361416
-4.949635848172658	-86.24657400361416
-4.949635848172658	-86.24657400361416
-4.949635848172658	-86.24657400361416
-4.949635848172658	-86.24657400361416
-4.949635848172658	-86.24657400361416
-4.949635848172658	-86.24657400361416
-4.949635848172658	-86.24657400361416
-4.949635848172658	-86.24657400361416
-4.949635848172658	-86.24657400361416
-4.949635848172658	-86.24657400361416
-4.949635848172658	-86.24657400361416
-4.949635848172658	-86.24657400361416
-4.949635848172658	-86.24657400361416
-4.949635848172658	-86.24657400361416
-4.949635848172658	-86.24657400361416
-4.903057104686679	-85.86703893137519
-4.903057104686679	-85.86703893137519
-4.903057104686679	-85.86703893137519
-4.903057104686679	-85.86703893137519
-4.903057104686679	-85.86703893137519
-4.903057104686679	-85.86703893137519
-4.903057104686679	-85.86703893137519
-4.903057104686679	-85.86703893137519
-4.903057104686679	-85.86703893137519
-4.903057104686679	-85.86703893137519
-4.903057104686679	-85.86703893137519
-4.903057104686679	-85.86703893137519
-4.903057104686679	-85.86703893137519
-4.903057104686679	-85.86703893137519
-4.903057104686679	-85.86703893137519
-4.903057104686679	-85.86703893137519
-4.903057104686679	-85.86703893137519
-4.903057104686679	-85.86703893137519
-4.903057104686679	-85.86703893137519
-4.903057104686679	-85.86703893137519
-4.903057104686679	-85.86703893137519
-4.903057104686679	-85.86703893137519
-4.903057104686679	-85.86703893137519
-4.903057104686679	-85.86703893137519
-4.903057104686679	-85.86703893137519
-4.903057104686679	-85.86703893137519
-4.836419533375169	-85.25641148255227
-4.836419533375169	-85.25641148255227
-4.836419533375169	-85.25641148255227
-4.836419533375169	-85.25641148255227
-4.836419533375169	-85.25641148255227
-4.836419533375169	-85.25641148255227
-4.836419533375169	-85.25641148255227
-4.836419533375169	-85.25641148255227
-4.836419533375169	-85.25641148255227
-4.836419533375169	-85.25641148255227
-4.836419533375169	-85.25641148255227
-4.836419533375169	-85.25641148255227
-4.836419533375169	-85.25641148255227
-4.836419533375169	-85.25641148255227
-4.836419533375169	-85.25641148255227
-4.836419533375169	-85.25641148255227
-4.836419533375169	-85.25641148255227
-4.836419533375169	-85.25641148255227
-4.836419533375169	-85.25641148255227
-4.836419533375169	-85.25641148255227
-4.836419533375169	-85.25641148255227
-4.836419533375169	-85.25641148255227
-4.836419533375169	-85.25641148255227
-4.836419533375169	-85.25641148255227
-4.836419533375169	-85.25641148255227
-4.836419533375169	-85.25641148255227
-4.836419533375169	-85.25641148255227
-4.836419533375169	-85.25641148255227
-4.836419533375169	-85.25641148255227
-4.836419533375169	-85.25641148255227
-4.836419533375169	-85.25641148255227
-4.836419533375169	-85.25641148255227
-4.836419533375169	-85.25641148255227
-4.836419533375169	-85.25641148255227
-4.721659595572689	-84.52972224529012
-4.721659595572689	-84.52972224529012
-4.721659595572689	-84.52972224529012
-4.721659595572689	-84.52972224529012
-4.721659595572689	-84.52972224529012
-4.721659595572689	-84.52972224529012
-4.721659595572689	-84.52972224529012
-4.721659595572689	-84.52972224529012
-4.721659595572689	-84.52972224529012
-4.721659595572689	-84.52972224529012
-4.721659595572689	-84.52972224529012
-4.721659595572689	-84.52972224529012
-4.721659595572689	-84.52972224529012
-4.721659595572689	-84.52972224529012
-4.721659595572689	-84.52972224529012
-4.721659595572689	-84.52972224529012
-4.721659595572689	-84.52972224529012
-4.721659595572689	-84.52972224529012
-4.721659595572689	-84.52972224529012
-4.721659595572689	-84.52972224529012
-4.721659595572689	-84.52972224529012
-4.721659595572689	-84.52972224529012
-4.721659595572689	-84.52972224529012
-4.721659595572689	-84.52972224529012
-4.721659595572689	-84.52972224529012
-4.721659595572689	-84.52972224529012
-4.721659595572689	-84.52972224529012
-4.721659595572689	-84.52972224529012
-4.721659595572689	-84.52972224529012
-4.721659595572689	-84.52972224529012
-4.721659595572689	-84.52972224529012
-4.721659595572689	-84.52972224529012
-4.721659595572689	-84.52972224529012
-4.721659595572689	-84.52972224529012
-4.721659595572689	-84.52972224529012
-4.721659595572689	-84.52972224529012
-4.540157353033709	-83.7622270765307
-4.540157353033709	-83.7622270765307
-4.540157353033709	-83.7622270765307
-4.540157353033709	-83.7622270765307
-4.540157353033709	-83.7622270765307
-4.540157353033709	-83.7622270765307
-4.540157353033709	-83.7622270765307
-4.540157353033709	-83.7622270765307
-4.540157353033709	-83.7622270765307
-4.540157353033709	-83.7622270765307
-4.540157353033709	-83.7622270765307
-4.540157353033709	-83.7622270765307
-4.540157353033709	-83.7622270765307
-4.540157353033709	-83.7622270765307
-4.540157353033709	-83.7622270765307
-4.540157353033709	-83.7622270765307
-4.540157353033709	-83.7622270765307
-4.540157353033709	-83.7622270765307
-4.540157353033709	-83.7622270765307
-4.540157353033709	-83.7622270765307
-4.540157353033709	-83.7622270765307
-4.540157353033709	-83.7622270765307
-4.540157353033709	-83.7622270765307
-4.540157353033709	-83.7622270765307
-4.540157353033709	-83.7622270765307
-4.540157353033709	-83.7622270765307
-4.540157353033709	-83.7622270765307
-4.540157353033709	-83.7622270765307
-4.540157353033709	-83.7622270765307
-4.540157353033709	-83.7622270765307
-4.540157353033709	-83.7622270765307
-4.540157353033709	-83.7622270765307
-4.540157353033709	-83.7622270765307
-4.540157353033709	-83.7622270765307
-4.540157353033709	-83.7622270765307
-4.540157353033709	-83.7622270765307
-4.540157353033709	-83.7622270765307
-4.540157353033709	-83.7622270765307
-4.296525625527472	-82.97007492665931
-4.296525625527472	-82.97007492665931
-4.296525625527472	-82.97007492665931
-4.296525625527472	-82.97007492665931
-4.296525625527472	-82.97007492665931
-4.296525625527472	-82.97007492665931
-4.296525625527472	-82.97007492665931
-4.296525625527472	-82.97007492665931
-4.296525625527472	-82.97007492665931
-4.296525625527472	-82.97007492665931
-4.296525625527472	-82.97007492665931
-4.296525625527472	-82.97007492665931
-4.296525625527472	-82.97007492665931
-4.296525625527472	-82.97007492665931
-4.296525625527472	-82.97007492665931
-4.296525625527472	-82.97007492665931
-4.296525625527472	-82.97007492665931
-4.296525625527472	-82.97007492665931
-4.296525625527472	-82.97007492665931
-4.296525625527472	-82.97007492665931
-4.296525625527472	-82.97007492665931
-4.296525625527472	-82.97007492665931
-4.296525625527472	-82.97007492665931
-4.296525625527472	-82.97007492665931
-4.296525625527472	-82.97007492665931
-4.296525625527472	-82.97007492665931
-3.9830410241707805	-82.19046884973551
-3.9830410241707805	-82.19046884973551
-3.9830410241707805	-82.19046884973551
-3.9830410241707805	-82.19046884973551
-3.9830410241707805	-82.19046884973551
-3.9830410241707805	-82.19046884973551
-3.9830410241707805	-82.19046884973551
-3.9830410241707805	-82.19046884973551
-3.9830410241707805	-82.19046884973551
-3.9830410241707805	-82.19046884973551
-3.9830410241707805	-82.19046884973551
-3.9830410241707805	-82.19046884973551
-3.9830410241707805	-82.19046884973551
-3.9830410241707805	-82.19046884973551
-3.9830410241707805	-82.19046884973551
-3.9830410241707805	-82.19046884973551
-3.9830410241707805	-82.19046884973551
-3.9830410241707805	-82.19046884973551
-3.9830410241707805	-82.19046884973551
-3.9830410241707805	-82.19046884973551
-3.9830410241707805	-82.19046884973551
-3.9830410241707805	-82.19046884973551
-3.9830410241707805	-82.19046884973551
-3.9830410241707805	-82.19046884973551
-3.9830410241707805	-82.19046884973551
-3.9830410241707805	-82.19046884973551
-3.9830410241707805	-82.19046884973551
-3.9830410241707805	-82.19046884973551
-3.9830410241707805	-82.19046884973551
-3.9830410241707805	-82.19046884973551
-3.9830410241707805	-82.19046884973551
-3.9830410241707805	-82.19046884973551
-3.9830410241707805	-82.19046884973551
-3.9830410241707805	-82.19046884973551
-3.9830410241707805	-82.19046884973551
-3.9830410241707805	-82.19046884973551
-3.9830410241707805	-82.19046884973551
-3.9830410241707805	-82.19046884973551
-3.593373186642948	-81.46236360468814
-3.593373186642948	-81.46236360468814
-3.593373186642948	-81.46236360468814
-3.593373186642948	-81.46236360468814
-3.593373186642948	-81.46236360468814
-3.593373186642948	-81.46236360468814
-3.593373186642948	-81.46236360468814
-3.593373186642948	-81.46236360468814
-3.593373186642948	-81.46236360468814
-3.593373186642948	-81.46236360468814
-3.593373186642948	-81.46236360468814
-3.593373186642948	-81.46236360468814
-3.593373186642948	-81.46236360468814
-3.593373186642948	-81.46236360468814
-3.593373186642948	-81.46236360468814
-3.593373186642948	-81.46236360468814
-3.593373186642948	-81.46236360468814
-3.593373186642948	-81.46236360468814
-3.593373186642948	-81.46236360468814
-3.593373186642948	-81.46236360468814
-3.593373186642948	-81.46236360468814
-3.593373186642948	-81.46236360468814
-3.593373186642948	-81.46236360468814
-3.593373186642948	-81.46236360468814
-3.593373186642948	-81.46236360468814
-3.593373186642948	-81.46236360468814
-3.593373186642948	-81.46236360468814
-3.593373186642948	-81.46236360468814
-3.593373186642948	-81.46236360468814
-3.593373186642948	-81.46236360468814
-3.593373186642948	-81.46236360468814
-3.593373186642948	-81.46236360468814
-3.593373186642948	-81.46236360468814
-3.593373186642948	-81.46236360468814
-3.593373186642948	-81.46236360468814
-3.593373186642948	-81.46236360468814
-3.593373186642948	-81.46236360468814
-3.150685741874575	-80.78318970885766
-3.150685741874575	-80.78318970885766
-3.150685741874575	-80.78318970885766
-3.150685741874575	-80.78318970885766
-3.150685741874575	-80.78318970885766
-3.150685741874575	-80.78318970885766
-3.150685741874575	-80.78318970885766
-3.150685741874575	-80.78318970885766
-3.150685741874575	-80.78318970885766
-3.150685741874575	-80.78318970885766
-3.150685741874575	-80.78318970885766
-3.150685741874575	-80.78318970885766
-3.150685741874575	-80.78318970885766
-3.150685741874575	-80.78318970885766
-3.150685741874575	-80.78318970885766
-3.150685741874575	-80.78318970885766
-3.150685741874575	-80.78318970885766
-3.150685741874575	-80.78318970885766
-3.150685741874575	-80.78318970885766
-3.150685741874575	-80.78318970885766
-3.150685741874575	-80.78318970885766
-3.150685741874575	-80.78318970885766
-3.150685741874575	-80.78318970885766
-2.658731858835693	-80.17496141483049
-2.658731858835693	-80.17496141483049
-2.658731858835693	-80.17496141483049
-2.658731858835693	-80.17496141483049
-2.658731858835693	-80.17496141483049
-2.658731858835693	-80.17496141483049
-2.658731858835693	-80.17496141483049
-2.658731858835693	-80.17496141483049
-2.658731858835693	-80.17496141483049
-2.658731858835693	-80.17496141483049
-2.658731858835693	-80.17496141483049
-2.658731858835693	-80.17496141483049
-2.658731858835693	-80.17496141483049
-2.658731858835693	-80.17496141483049
-2.658731858835693	-80.17496141483049
-2.658731858835693	-80.17496141483049
-2.658731858835693	-80.17496141483049
-2.658731858835693	-80.17496141483049
-2.658731858835693	-80.17496141483049
-2.658731858835693	-80.17496141483049
-2.658731858835693	-80.17496141483049
-2.658731858835693	-80.17496141483049
-2.658731858835693	-80.17496141483049
-2.658731858835693	-80.17496141483049
-2.658731858835693	-80.17496141483049
-2.658731858835693	-80.17496141483049
-2.658731858835693	-80.17496141483049
-2.658731858835693	-80.17496141483049
-2.658731858835693	-80.17496141483049
-2.658731858835693	-80.17496141483049
-2.658731858835693	-80.17496141483049
-2.658731858835693	-80.17496141483049
-2.658731858835693	-80.17496141483049
-2.658731858835693	-80.17496141483049
-2.658731858835693	-80.17496141483049
-2.658731858835693	-80.17496141483049
-2.658731858835693	-80.17496141483049
-2.658731858835693	-80.17496141483049
-2.136155746051642	-79.6501006604332
-2.136155746051642	-79.6501006604332
-2.136155746051642	-79.6501006604332
-2.136155746051642	-79.6501006604332
-2.136155746051642	-79.6501006604332
-2.136155746051642	-79.6501006604332
-2.136155746051642	-79.6501006604332
-2.136155746051642	-79.6501006604332
-2.136155746051642	-79.6501006604332
-2.136155746051642	-79.6501006604332
-2.136155746051642	-79.6501006604332
-2.136155746051642	-79.6501006604332
-2.136155746051642	-79.6501006604332
-2.136155746051642	-79.6501006604332
-2.136155746051642	-79.6501006604332
-2.136155746051642	-79.6501006604332
-2.136155746051642	-79.6501006604332
-2.136155746051642	-79.6501006604332
-2.136155746051642	-79.6501006604332
-2.136155746051642	-79.6501006604332
-2.136155746051642	-79.6501006604332
-2.136155746051642	-79.6501006604332
-2.136155746051642	-79.6501006604332
-2.136155746051642	-79.6501006604332
-2.136155746051642	-79.6501006604332
-2.136155746051642	-79.6501006604332
-2.136155746051642	-79.6501006604332
-2.136155746051642	-79.6501006604332
-2.136155746051642	-79.6501006604332
-2.136155746051642	-79.6501006604332
-2.136155746051642	-79.6501006604332
-2.136155746051642	-79.6501006604332
-2.136155746051642	-79.6501006604332
-2.136155746051642	-79.6501006604332
-2.136155746051642	-79.6501006604332
-2.136155746051642	-79.6501006604332
-2.136155746051642	-79.6501006604332
-1.6991978717053406	-79.26450241272444
-1.6991978717053406	-79.26450241272444
-1.6991978717053406	-79.26450241272444
-1.6991978717053406	-79.26450241272444
-1.6991978717053406	-79.26450241272444
-1.6991978717053406	-79.26450241272444
-1.6991978717053406	-79.26450241272444
-1.6991978717053406	-79.26450241272444
-1.6991978717053406	-79.26450241272444
-1.6991978717053406	-79.26450241272444
-1.6991978717053406	-79.26450241272444
-1.6991978717053406	-79.26450241272444
-1.6991978717053406	-79.26450241272444
-1.6991978717053406	-79.26450241272444
-1.6991978717053406	-79.26450241272444
-1.6991978717053406	-79.26450241272444
-1.6991978717053406	-79.26450241272444
-1.6991978717053406	-79.26450241272444
-1.6991978717053406	-79.26450241272444
-1.6991978717053406	-79.26450241272444
-1.6991978717053406	-79.26450241272444
-1.6991978717053406	-79.26450241272444
-1.6991978717053406	-79.26450241272444
-1.6991978717053406	-79.26450241272444
-1.6991978717053406	-79.26450241272444
-1.6991978717053406	-79.26450241272444
-1.212048887118648	-78.92518580774114
-1.212048887118648	-78.92518580774114
-1.212048887118648	-78.92518580774114
-1.212048887118648	-78.92518580774114
-1.212048887118648	-78.92518580774114
-1.212048887118648	-78.92518580774114
-1.212048887118648	-78.92518580774114
-1.212048887118648	-78.92518580774114
-1.212048887118648	-78.92518580774114
-1.212048887118648	-78.92518580774114
-1.212048887118648	-78.92518580774114
-1.212048887118648	-78.92518580774114
-1.212048887118648	-78.92518580774114
-1.212048887118648	-78.92518580774114
-1.212048887118648	-78.92518580774114
-1.212048887118648	-78.92518580774114
-1.212048887118648	-78.92518580774114
-1.212048887118648	-78.92518580774114
-1.212048887118648	-78.92518580774114
-1.212048887118648	-78.92518580774114
-1.212048887118648	-78.92518580774114
-1.212048887118648	-78.92518580774114
-1.212048887118648	-78.92518580774114
-1.212048887118648	-78.92518580774114
-1.212048887118648	-78.92518580774114
-1.212048887118648	-78.92518580774114
-1.212048887118648	-78.92518580774114
-1.212048887118648	-78.92518580774114
-1.212048887118648	-78.92518580774114
-1.212048887118648	-78.92518580774114
-1.212048887118648	-78.92518580774114
-1.212048887118648	-78.92518580774114
-1.212048887118648	-78.92518580774114
-1.212048887118648	-78.92518580774114
-1.212048887118648	-78.92518580774114
-1.212048887118648	-78.92518580774114
-1.212048887118648	-78.92518580774114
-1.212048887118648	-78.92518580774114
-0.7750552412782967	-78.66475784948541
-0.7750552412782967	-78.66475784948541
-0.7750552412782967	-78.66475784948541
-0.7750552412782967	-78.66475784948541
-0.7750552412782967	-78.66475784948541
-0.7750552412782967	-78.66475784948541
-0.7750552412782967	-78.66475784948541
-0.7750552412782967	-78.66475784948541
-0.7750552412782967	-78.66475784948541
-0.7750552412782967	-78.66475784948541
-0.7750552412782967	-78.66475784948541
-0.7750552412782967	-78.66475784948541
-0.7750552412782967	-78.66475784948541
-0.7750552412782967	-78.66475784948541
-0.7750552412782967	-78.66475784948541
-0.7750552412782967	-78.66475784948541
-0.7750552412782967	-78.66475784948541
-0.7750552412782967	-78.66475784948541
-0.7750552412782967	-78.66475784948541
-0.7750552412782967	-78.66475784948541
-0.7750552412782967	-78.66475784948541
-0.7750552412782967	-78.66475784948541
-0.7750552412782967	-78.66475784948541
-0.7750552412782967	-78.66475784948541
-0.7750552412782967	-78.66475784948541
-0.7750552412782967	-78.66475784948541
-0.7750552412782967	-78.66475784948541
-0.7750552412782967	-78.66475784948541
-0.7750552412782967	-78.66475784948541
-0.7750552412782967	-78.66475784948541
-0.7750552412782967	-78.66475784948541
-0.7750552412782967	-78.66475784948541
-0.7750552412782967	-78.66475784948541
-0.7750552412782967	-78.66475784948541
-0.7750552412782967	-78.66475784948541
-0.7750552412782967	-78.66475784948541
-0.3742725280328724	-78.47650792782147
-0.3742725280328724	-78.47650792782147
-0.3742725280328724	-78.47650792782147
-0.3742725280328724	-78.47650792782147
-0.3742725280328724	-78.47650792782147
-0.3742725280328724	-78.47650792782147
-0.3742725280328724	-78.47650792782147
-0.3742725280328724	-78.47650792782147
-0.3742725280328724	-78.47650792782147
-0.3742725280328724	-78.47650792782147
-0.3742725280328724	-78.47650792782147
-0.3742725280328724	-78.47650792782147
-0.3742725280328724	-78.47650792782147
-0.3742725280328724	-78.47650792782147
-0.3742725280328724	-78.47650792782147
-0.3742725280328724	-78.47650792782147
-0.3742725280328724	-78.47650792782147
-0.3742725280328724	-78.47650792782147
-0.3742725280328724	-78.47650792782147
-0.3742725280328724	-78.47650792782147
-0.3742725280328724	-78.47650792782147
-0.3742725280328724	-78.47650792782147
-0.3742725280328724	-78.47650792782147
-0.3742725280328724	-78.47650792782147
-0.3742725280328724	-78.47650792782147
-0.3742725280328724	-78.47650792782147
-0.3742725280328724	-78.47650792782147
-0.3742725280328724	-78.47650792782147
-0.3742725280328724	-78.47650792782147
-0.3742725280328724	-78.47650792782147
-0.3742725280328724	-78.47650792782147
-0.3742725280328724	-78.47650792782147
-0.3742725280328724	-78.47650792782147
-0.3742725280328724	-78.47650792782147
-0.3742725280328724	-78.47650792782147
-0.3742725280328724	-78.47650792782147
-0.3742725280328724	-78.47650792782147
-0.08096918983250044	-78.36059042217579
-0.08096918983250044	-78.36059042217579
-0.08096918983250044	-78.36059042217579
-0.08096918983250044	-78.36059042217579
-0.08096918983250044	-78.36059042217579
-0.08096918983250044	-78.36059042217579
-0.08096918983250044	-78.36059042217579
-0.08096918983250044	-78.36059042217579
-0.08096918983250044	-78.36059042217579
-0.08096918983250044	-78.36059042217579
-0.08096918983250044	-78.36059042217579
-0.08096918983250044	-78.36059042217579
-0.08096918983250044	-78.36059042217579
-0.08096918983250044	-78.36059042217579
-0.08096918983250044	-78.36059042217579
-0.08096918983250044	-78.36059042217579
-0.08096918983250044	-78.36059042217579
-0.08096918983250044	-78.36059042217579
-0.08096918983250044	-78.36059042217579
-0.08096918983250044	-78.36059042217579
-0.08096918983250044	-78.36059042217579
-0.08096918983250044	-78.36059042217579
-0.08096918983250044	-78.36059042217579
-0.08096918983250044	-78.36059042217579
-0.08096918983250044	-78.36059042217579
0.2803744627568401	-78.26708889620382
0.2803744627568401	-78.26708889620382
0.2803744627568401	-78.26708889620382
0.2803744627568401	-78.26708889620382
0.2803744627568401	-78.26708889620382
0.2803744627568401	-78.26708889620382
0.2803744627568401	-78.26708889620382
0.2803744627568401	-78.26708889620382
0.2803744627568401	-78.26708889620382
0.2803744627568401	-78.26708889620382
0.2803744627568401	-78.26708889620382
0.2803744627568401	-78.26708889620382
0.2803744627568401	-78.26708889620382
0.2803744627568401	-78.26708889620382
0.2803744627568401	-78.26708889620382
0.2803744627568401	-78.26708889620382
0.2803744627568401	-78.26708889620382
0.2803744627568401	-78.26708889620382
0.2803744627568401	-78.26708889620382
0.2803744627568401	-78.26708889620382
0.2803744627568401	-78.26708889620382
0.2803744627568401	-78.26708889620382
0.2803744627568401	-78.26708889620382
0.2803744627568401	-78.26708889620382
0.2803744627568401	-78.26708889620382
0.2803744627568401	-78.26708889620382
0.2803744627568401	-78.26708889620382
0.2803744627568401	-78.26708889620382
0.2803744627568401	-78.26708889620382
0.2803744627568401	-78.26708889620382
0.2803744627568401	-78.26708889620382
0.2803744627568401	-78.26708889620382
0.2803744627568401	-78.26708889620382
0.2803744627568401	-78.26708889620382
0.2803744627568401	-78.26708889620382
0.2803744627568401	-78.26708889620382
0.2803744627568401	-78.26708889620382
0.6268265566860269	-78.18435285954456
0.6268265566860269	-78.18435285954456
0.6268265566860269	-78.18435285954456
0.6268265566860269	-78.18435285954456
0.6268265566860269	-78.18435285954456
0.6268265566860269	-78.18435285954456
0.6268265566860269	-78.18435285954456
0.6268265566860269	-78.18435285954456
0.6268265566860269	-78.18435285954456
0.6268265566860269	-78.18435285954456
0.6268265566860269	-78.18435285954456
0.6268265566860269	-78.18435285954456
0.6268265566860269	-78.18435285954456
0.6268265566860269	-78.18435285954456
0.6268265566860269	-78.18435285954456
0.6268265566860269	-78.18435285954456
0.6268265566860269	-78.18435285954456
0.6268265566860269	-78.18435285954456
0.6268265566860269	-78.18435285954456
0.6268265566860269	-78.18435285954456
0.6268265566860269	-78.18435285954456
0.6268265566860269	-78.18435285954456
0.6268265566860269	-78.18435285954456
0.6268265566860269	-78.18435285954456
0.6268265566860269	-78.18435285954456
0.6268265566860269	-78.18435285954456
0.6268265566860269	-78.18435285954456
0.6268265566860269	-78.18435285954456
0.6268265566860269	-78.18435285954456
0.6268265566860269	-78.18435285954456
0.6268265566860269	-78.18435285954456
0.6268265566860269	-78.18435285954456
0.6268265566860269	-78.18435285954456
0.6268265566860269	-78.18435285954456
0.6268265566860269	-78.18435285954456
0.6268265566860269	-78.18435285954456
0.6268265566860269	-78.18435285954456
0.6268265566860269	-78.18435285954456
0.97345371220903	-78.12699652545426
0.97345371220903	-78.12699652545426
0.97345371220903	-78.12699652545426
0.97345371220903	-78.12699652545426
0.97345371220903	-78.12699652545426
0.97345371220903	-78.12699652545426
0.97345371220903	-78.12699652545426
0.97345371220903	-78.12699652545426
0.97345371220903	-78.12699652545426
0.97345371220903	-78.12699652545426
0.97345371220903	-78.12699652545426
0.97345371220903	-78.12699652545426
0.97345371220903	-78.12699652545426
0.97345371220903	-78.12699652545426
0.97345371220903	-78.12699652545426
0.97345371220903	-78.12699652545426
0.97345371220903	-78.12699652545426
0.97345371220903	-78.12699652545426
0.97345371220903	-78.12699652545426
0.97345371220903	-78.12699652545426
0.97345371220903	-78.12699652545426
0.97345371220903	-78.12699652545426
0.97345371220903	-78.12699652545426
0.97345371220903	-78.12699652545426
0.97345371220903	-78.12699652545426
1.3210231224898608	-78.09446025400165
1.3210231224898608	-78.09446025400165
1.3210231224898608	-78.09446025400165
1.3210231224898608	-78.09446025400165
1.3210231224898608	-78.09446025400165
1.3210231224898608	-78.09446025400165
1.3210231224898608	-78.09446025400165
1.3210231224898608	-78.09446025400165
1.3210231224898608	-78.09446025400165
1.3210231224898608	-78.09446025400165
1.3210231224898608	-78.09446025400165
1.3210231224898608	-78.09446025400165
1.3210231224898608	-78.09446025400165
1.3210231224898608	-78.09446025400165
1.3210231224898608	-78.09446025400165
1.3210231224898608	-78.09446025400165
1.3210231224898608	-78.09446025400165
1.3210231224898608	-78.09446025400165
1.3210231224898608	-78.09446025400165
1.3210231224898608	-78.09446025400165
1.3210231224898608	-78.09446025400165
1.3210231224898608	-78.09446025400165
1.3210231224898608	-78.09446025400165
1.3210231224898608	-78.09446025400165
1.3210231224898608	-78.09446025400165
1.3210231224898608	-78.09446025400165
1.3210231224898608	-78.09446025400165
1.3210231224898608	-78.09446025400165
1.3210231224898608	-78.09446025400165
1.3210231224898608	-78.09446025400165
1.3210231224898608	-78.09446025400165
1.3210231224898608	-78.09446025400165
1.3210231224898608	-78.09446025400165
1.3210231224898608	-78.09446025400165
1.3210231224898608	-78.09446025400165
1.3210231224898608	-78.09446025400165
1.3210231224898608	-78.09446025400165
1.3210231224898608	-78.09446025400165
1.680460988134866	-78.05960204592435
1.680460988134866	-78.05960204592435
1.680460988134866	-78.05960204592435
1.680460988134866	-78.05960204592435
1.680460988134866	-78.05960204592435
1.680460988134866	-78.05960204592435
1.680460988134866	-78.05960204592435
1.680460988134866	-78.05960204592435
1.680460988134866	-78.05960204592435
1.680460988134866	-78.05960204592435
1.680460988134866	-78.05960204592435
1.680460988134866	-78.05960204592435
1.680460988134866	-78.05960204592435
1.680460988134866	-78.05960204592435
1.680460988134866	-78.05960204592435
1.680460988134866	-78.05960204592435
1.680460988134866	-78.05960204592435
1.680460988134866	-78.05960204592435
1.680460988134866	-78.05960204592435
1.680460988134866	-78.05960204592435
1.680460988134866	-78.05960204592435
1.680460988134866	-78.05960204592435
1.680460988134866	-78.05960204592435
1.680460988134866	-78.05960204592435
1.680460988134866	-78.05960204592435
1.680460988134866	-78.05960204592435
1.680460988134866	-78.05960204592435
1.680460988134866	-78.05960204592435
1.680460988134866	-78.05960204592435
1.680460988134866	-78.05960204592435
1.680460988134866	-78.05960204592435
1.680460988134866	-78.05960204592435
1.680460988134866	-78.05960204592435
1.680460988134866	-78.05960204592435
1.680460988134866	-78.05960204592435
1.680460988134866	-78.05960204592435
1.680460988134866	-78.05960204592435
2.054962444354611	-78.02128674516159
2.054962444354611	-78.02128674516159
2.054962444354611	-78.02128674516159
2.054962444354611	-78.02128674516159
2.054962444354611	-78.02128674516159
2.054962444354611	-78.02128674516159
2.054962444354611	-78.02128674516159
2.054962444354611	-78.02128674516159
2.054962444354611	-78.02128674516159
2.054962444354611	-78.02128674516159
2.054962444354611	-78.02128674516159
2.054962444354611	-78.02128674516159
2.054962444354611	-78.02128674516159
2.054962444354611	-78.02128674516159
2.054962444354611	-78.02128674516159
2.054962444354611	-78.02128674516159
2.054962444354611	-78.02128674516159
2.054962444354611	-78.02128674516159
2.054962444354611	-78.02128674516159
2.054962444354611	-78.02128674516159
2.054962444354611	-78.02128674516159
2.054962444354611	-78.02128674516159
2.054962444354611	-78.02128674516159
2.054962444354611	-78.02128674516159
2.440014200765354	-77.96025063340832
2.440014200765354	-77.96025063340832
2.440014200765354	-77.96025063340832
2.440014200765354	-77.96025063340832
2.440014200765354	-77.96025063340832
2.440014200765354	-77.96025063340832
2.440014200765354	-77.96025063340832
2.440014200765354	-77.96025063340832
2.440014200765354	-77.96025063340832
2.440014200765354	-77.96025063340832
2.440014200765354	-77.96025063340832
2.440014200765354	-77.96025063340832
2.440014200765354	-77.96025063340832
2.440014200765354	-77.96025063340832
2.440014200765354	-77.96025063340832
2.440014200765354	-77.96025063340832
2.440014200765354	-77.96025063340832
2.440014200765354	-77.96025063340832
2.440014200765354	-77.96025063340832
2.440014200765354	-77.96025063340832
2.440014200765354	-77.96025063340832
2.440014200765354	-77.96025063340832
2.440014200765354	-77.96025063340832
2.440014200765354	-77.96025063340832
2.440014200765354	-77.96025063340832
2.440014200765354	-77.96025063340832
2.440014200765354	-77.96025063340832
2.440014200765354	-77.96025063340832
2.440014200765354	-77.96025063340832
2.440014200765354	-77.96025063340832
2.440014200765354	-77.96025063340832
2.440014200765354	-77.96025063340832
2.440014200765354	-77.96025063340832
2.440014200765354	-77.96025063340832
2.440014200765354	-77.96025063340832
2.440014200765354	-77.96025063340832
2.440014200765354	-77.96025063340832
2.8239519009420544	-77.88133377156424
2.8239519009420544	-77.88133377156424
2.8239519009420544	-77.88133377156424
2.8239519009420544	-77.88133377156424
2.8239519009420544	-77.88133377156424
2.8239519009420544	-77.88133377156424
2.8239519009420544	-77.88133377156424
2.8239519009420544	-77.88133377156424
2.8239519009420544	-77.88133377156424
2.8239519009420544	-77.88133377156424
2.8239519009420544	-77.88133377156424
2.8239519009420544	-77.88133377156424
2.8239519009420544	-77.88133377156424
2.8239519009420544	-77.88133377156424
2.8239519009420544	-77.88133377156424
2.8239519009420544	-77.88133377156424
2.8239519009420544	-77.88133377156424
2.8239519009420544	-77.88133377156424
2.8239519009420544	-77.88133377156424
2.8239519009420544	-77.88133377156424
2.8239519009420544	-77.88133377156424
2.8239519009420544	-77.88133377156424
2.8239519009420544	-77.88133377156424
2.8239519009420544	-77.88133377156424
2.8239519009420544	-77.88133377156424
2.8239519009420544	-77.88133377156424
2.8239519009420544	-77.88133377156424
2.8239519009420544	-77.88133377156424
2.8239519009420544	-77.88133377156424
2.8239519009420544	-77.88133377156424
2.8239519009420544	-77.88133377156424
2.8239519009420544	-77.88133377156424
2.8239519009420544	-77.88133377156424
2.8239519009420544	-77.88133377156424
2.8239519009420544	-77.88133377156424
2.8239519009420544	-77.88133377156424
2.8239519009420544	-77.88133377156424
3.2024071161437533	-77.7773158112835
3.2024071161437533	-77.7773158112835
3.2024071161437533	-77.7773158112835
3.2024071161437533	-77.7773158112835
3.2024071161437533	-77.7773158112835
3.2024071161437533	-77.7773158112835
3.2024071161437533	-77.7773158112835
3.2024071161437533	-77.7773158112835
3.2024071161437533	-77.7773158112835
3.2024071161437533	-77.7773158112835
3.2024071161437533	-77.7773158112835
3.2024071161437533	-77.7773158112835
3.2024071161437533	-77.7773158112835
3.2024071161437533	-77.7773158112835
3.2024071161437533	-77.7773158112835
3.2024071161437533	-77.7773158112835
3.2024071161437533	-77.7773158112835
3.2024071161437533	-77.7773158112835
3.2024071161437533	-77.7773158112835
3.2024071161437533	-77.7773158112835
3.2024071161437533	-77.7773158112835
3.2024071161437533	-77.7773158112835
3.2024071161437533	-77.7773158112835
3.2024071161437533	-77.7773158112835
3.2024071161437533	-77.7773158112835
3.2024071161437533	-77.7773158112835
3.2024071161437533	-77.7773158112835
3.2024071161437533	-77.7773158112835
3.2024071161437533	-77.7773158112835
3.2024071161437533	-77.7773158112835
3.2024071161437533	-77.7773158112835
3.2024071161437533	-77.7773158112835
3.2024071161437533	-77.7773158112835
3.2024071161437533	-77.7773158112835
3.2024071161437533	-77.7773158112835
3.6099929793436303	-77.63170678593158
3.6099929793436303	-77.63170678593158
3.6099929793436303	-77.63170678593158
3.6099929793436303	-77.63170678593158
3.6099929793436303	-77.63170678593158
3.6099929793436303	-77.63170678593158
3.6099929793436303	-77.63170678593158
3.6099929793436303	-77.63170678593158
3.6099929793436303	-77.63170678593158
3.6099929793436303	-77.63170678593158
3.6099929793436303	-77.63170678593158
3.6099929793436303	-77.63170678593158
3.6099929793436303	-77.63170678593158
3.6099929793436303	-77.63170678593158
3.6099929793436303	-77.63170678593158
3.6099929793436303	-77.63170678593158
3.6099929793436303	-77.63170678593158
3.6099929793436303	-77.63170678593158
3.6099929793436303	-77.63170678593158
3.6099929793436303	-77.63170678593158
3.6099929793436303	-77.63170678593158
3.6099929793436303	-77.63170678593158
3.6099929793436303	-77.63170678593158
3.6099929793436303	-77.63170678593158
3.6099929793436303	-77.63170678593158
3.6099929793436303	-77.63170678593158
3.6099929793436303	-77.63170678593158
3.6099929793436303	-77.63170678593158
4.09580751644346	-77.44926393478889
4.09580751644346	-77.44926393478889
4.09580751644346	-77.44926393478889
4.09580751644346	-77.44926393478889
4.09580751644346	-77.44926393478889
4.09580751644346	-77.44926393478889
4.09580751644346	-77.44926393478889
4.09580751644346	-77.44926393478889
4.09580751644346	-77.44926393478889
4.09580751644346	-77.44926393478889
4.09580751644346	-77.44926393478889
4.09580751644346	-77.44926393478889
4.09580751644346	-77.44926393478889
4.09580751644346	-77.44926393478889
4.09580751644346	-77.44926393478889
4.09580751644346	-77.44926393478889
4.09580751644346	-77.44926393478889
4.09580751644346	-77.44926393478889
4.09580751644346	-77.44926393478889
4.09580751644346	-77.44926393478889
4.09580751644346	-77.44926393478889
4.09580751644346	-77.44926393478889
4.09580751644346	-77.44926393478889
4.09580751644346	-77.44926393478889
4.09580751644346	-77.44926393478889
4.09580751644346	-77.44926393478889
4.09580751644346	-77.44926393478889
4.09580751644346	-77.44926393478889
4.09580751644346	-77.44926393478889
4.09580751644346	-77.44926393478889
4.09580751644346	-77.44926393478889
4.09580751644346	-77.44926393478889
4.09580751644346	-77.44926393478889
4.09580751644346	-77.44926393478889
4.09580751644346	-77.44926393478889
4.09580751644346	-77.44926393478889
4.09580751644346	-77.44926393478889
4.621690791778503	-77.21097690151758
4.621690791778503	-77.21097690151758
4.621690791778503	-77.21097690151758
4.621690791778503	-77.21097690151758
4.621690791778503	-77.21097690151758
4.621690791778503	-77.21097690151758
4.621690791778503	-77.21097690151758
4.621690791778503	-77.21097690151758
4.621690791778503	-77.21097690151758
4.621690791778503	-77.21097690151758
4.621690791778503	-77.21097690151758
4.621690791778503	-77.21097690151758
4.621690791778503	-77.21097690151758
4.621690791778503	-77.21097690151758
4.621690791778503	-77.21097690151758
4.621690791778503	-77.21097690151758
4.621690791778503	-77.21097690151758
4.621690791778503	-77.21097690151758
4.621690791778503	-77.21097690151758
4.621690791778503	-77.21097690151758
4.621690791778503	-77.21097690151758
4.621690791778503	-77.21097690151758
4.621690791778503	-77.21097690151758
4.621690791778503	-77.21097690151758
4.621690791778503	-77.21097690151758
4.621690791778503	-77.21097690151758
4.621690791778503	-77.21097690151758
4.621690791778503	-77.21097690151758
4.621690791778503	-77.21097690151758
4.621690791778503	-77.21097690151758
4.621690791778503	-77.21097690151758
4.621690791778503	-77.21097690151758
4.621690791778503	-77.21097690151758
4.621690791778503	-77.21097690151758
4.621690791778503	-77.21097690151758
4.621690791778503	-77.21097690151758
4.621690791778503	-77.21097690151758
5.182948440131981	-76.94206840810843
5.182948440131981	-76.94206840810843
5.182948440131981	-76.94206840810843
5.182948440131981	-76.94206840810843
5.182948440131981	-76.94206840810843
5.182948440131981	-76.94206840810843
5.182948440131981	-76.94206840810843
5.182948440131981	-76.94206840810843
5.182948440131981	-76.94206840810843
5.182948440131981	-76.94206840810843
5.182948440131981	-76.94206840810843
5.182948440131981	-76.94206840810843
5.182948440131981	-76.94206840810843
5.182948440131981	-76.94206840810843
5.182948440131981	-76.94206840810843
5.182948440131981	-76.94206840810843
5.182948440131981	-76.94206840810843
5.182948440131981	-76.94206840810843
5.182948440131981	-76.94206840810843
5.182948440131981	-76.94206840810843
5.182948440131981	-76.94206840810843
5.182948440131981	-76.94206840810843
5.182948440131981	-76.94206840810843
5.182948440131981	-76.94206840810843
5.182948440131981	-76.94206840810843
5.773312135567925	-76.61236859590413
5.773312135567925	-76.61236859590413
5.773312135567925	-76.61236859590413
5.773312135567925	-76.61236859590413
5.773312135567925	-76.61236859590413
5.773312135567925	-76.61236859590413
5.773312135567925	-76.61236859590413
5.773312135567925	-76.61236859590413
5.773312135567925	-76.61236859590413
5.773312135567925	-76.61236859590413
5.773312135567925	-76.61236859590413
5.773312135567925	-76.61236859590413
5.773312135567925	-76.61236859590413
5.773312135567925	-76.61236859590413
5.773312135567925	-76.61236859590413
5.773312135567925	-76.61236859590413
5.773312135567925	-76.61236859590413
5.773312135567925	-76.61236859590413
5.773312135567925	-76.61236859590413
5.773312135567925	-76.61236859590413
5.773312135567925	-76.61236859590413
5.773312135567925	-76.61236859590413
5.773312135567925	-76.61236859590413
5.773312135567925	-76.61236859590413
5.773312135567925	-76.61236859590413
5.773312135567925	-76.61236859590413
5.773312135567925	-76.61236859590413
5.773312135567925	-76.61236859590413
5.773312135567925	-76.61236859590413
5.773312135567925	-76.61236859590413
5.773312135567925	-76.61236859590413
5.773312135567925	-76.61236859590413
5.773312135567925	-76.61236859590413
5.773312135567925	-76.61236859590413
5.773312135567925	-76.61236859590413
5.773312135567925	-76.61236859590413
5.773312135567925	-76.61236859590413
5.773312135567925	-76.61236859590413
6.284519981093944	-76.33929379262668
6.284519981093944	-76.33929379262668
6.284519981093944	-76.33929379262668
6.284519981093944	-76.33929379262668
6.284519981093944	-76.33929379262668
6.284519981093944	-76.33929379262668
6.284519981093944	-76.33929379262668
6.284519981093944	-76.33929379262668
6.284519981093944	-76.33929379262668
6.284519981093944	-76.33929379262668
6.284519981093944	-76.33929379262668
6.284519981093944	-76.33929379262668
6.284519981093944	-76.33929379262668
6.284519981093944	-76.33929379262668
6.284519981093944	-76.33929379262668
6.284519981093944	-76.33929379262668
6.284519981093944	-76.33929379262668
6.284519981093944	-76.33929379262668
6.284519981093944	-76.33929379262668
6.284519981093944	-76.33929379262668
6.284519981093944	-76.33929379262668
6.284519981093944	-76.33929379262668
6.284519981093944	-76.33929379262668
6.284519981093944	-76.33929379262668
6.284519981093944	-76.33929379262668
6.284519981093944	-76.33929379262668
6.284519981093944	-76.33929379262668
6.284519981093944	-76.33929379262668
6.284519981093944	-76.33929379262668
6.284519981093944	-76.33929379262668
6.284519981093944	-76.33929379262668
6.284519981093944	-76.33929379262668
6.284519981093944	-76.33929379262668
6.284519981093944	-76.33929379262668
6.284519981093944	-76.33929379262668
6.284519981093944	-76.33929379262668
6.284519981093944	-76.33929379262668
6.8974235835412046	-75.88996317320657
6.8974235835412046	-75.88996317320657
6.8974235835412046	-75.88996317320657
6.8974235835412046	-75.88996317320657
6.8974235835412046	-75.88996317320657
6.8974235835412046	-75.88996317320657
6.8974235835412046	-75.88996317320657
6.8974235835412046	-75.88996317320657
6.8974235835412046	-75.88996317320657
6.8974235835412046	-75.88996317320657
6.8974235835412046	-75.88996317320657
6.8974235835412046	-75.88996317320657
6.8974235835412046	-75.88996317320657
6.8974235835412046	-75.88996317320657
6.8974235835412046	-75.88996317320657
6.8974235835412046	-75.88996317320657
6.8974235835412046	-75.88996317320657
6.8974235835412046	-75.88996317320657
6.8974235835412046	-75.88996317320657
6.8974235835412046	-75.88996317320657
6.8974235835412046	-75.88996317320657
6.8974235835412046	-75.88996317320657
6.8974235835412046	-75.88996317320657
6.8974235835412046	-75.88996317320657
7.491003614401619	-75.3808198016343
7.491003614401619	-75.3808198016343
7.491003614401619	-75.3808198016343
7.491003614401619	-75.3808198016343
7.491003614401619	-75.3808198016343
7.491003614401619	-75.3808198016343
7.491003614401619	-75.3808198016343
7.491003614401619	-75.3808198016343
7.491003614401619	-75.3808198016343
7.491003614401619	-75.3808198016343
7.491003614401619	-75.3808198016343
7.491003614401619	-75.3808198016343
7.491003614401619	-75.3808198016343
7.491003614401619	-75.3808198016343
7.491003614401619	-75.3808198016343
7.491003614401619	-75.3808198016343
7.491003614401619	-75.3808198016343
7.491003614401619	-75.3808198016343
7.491003614401619	-75.3808198016343
7.491003614401619	-75.3808198016343
7.491003614401619	-75.3808198016343
7.491003614401619	-75.3808198016343
7.491003614401619	-75.3808198016343
7.491003614401619	-75.3808198016343
7.491003614401619	-75.3808198016343
7.491003614401619	-75.3808198016343
7.491003614401619	-75.3808198016343
7.491003614401619	-75.3808198016343
7.491003614401619	-75.3808198016343
7.491003614401619	-75.3808198016343
7.491003614401619	-75.3808198016343
7.491003614401619	-75.3808198016343
7.491003614401619	-75.3808198016343
7.491003614401619	-75.3808198016343
7.491003614401619	-75.3808198016343
7.491003614401619	-75.3808198016343
7.491003614401619	-75.3808198016343
7.491003614401619	-75.3808198016343
8.056500365457094	-74.84011982638276
8.056500365457094	-74.84011982638276
8.056500365457094	-74.84011982638276
8.056500365457094	-74.84011982638276
8.056500365457094	-74.84011982638276
8.056500365457094	-74.84011982638276
8.056500365457094	-74.84011982638276
8.056500365457094	-74.84011982638276
8.056500365457094	-74.84011982638276
8.056500365457094	-74.84011982638276
8.056500365457094	-74.84011982638276
8.056500365457094	-74.84011982638276
8.056500365457094	-74.84011982638276
8.056500365457094	-74.84011982638276
8.056500365457094	-74.84011982638276
8.056500365457094	-74.84011982638276
8.056500365457094	-74.84011982638276
8.056500365457094	-74.84011982638276
8.056500365457094	-74.84011982638276
8.056500365457094	-74.84011982638276
8.056500365457094	-74.84011982638276
8.056500365457094	-74.84011982638276
8.056500365457094	-74.84011982638276
8.056500365457094	-74.84011982638276
8.056500365457094	-74.84011982638276
8.056500365457094	-74.84011982638276
8.056500365457094	-74.84011982638276
8.056500365457094	-74.84011982638276
8.056500365457094	-74.84011982638276
8.056500365457094	-74.84011982638276
8.056500365457094	-74.84011982638276
8.056500365457094	-74.84011982638276
8.056500365457094	-74.84011982638276
8.056500365457094	-74.84011982638276
8.056500365457094	-74.84011982638276
8.056500365457094	-74.84011982638276
8.056500365457094	-74.84011982638276
8.056500365457094	-74.84011982638276
8.56201521273787	-74.28341255032895
8.56201521273787	-74.28341255032895
8.56201521273787	-74.28341255032895
8.56201521273787	-74.28341255032895
8.56201521273787	-74.28341255032895
8.56201521273787	-74.28341255032895
8.56201521273787	-74.28341255032895
8.56201521273787	-74.28341255032895
8.56201521273787	-74.28341255032895
8.56201521273787	-74.28341255032895
8.56201521273787	-74.28341255032895
8.56201521273787	-74.28341255032895
8.56201521273787	-74.28341255032895
8.56201521273787	-74.28341255032895
8.56201521273787	-74.28341255032895
8.56201521273787	-74.28341255032895
8.56201521273787	-74.28341255032895
8.56201521273787	-74.28341255032895
8.56201521273787	-74.28341255032895
8.56201521273787	-74.28341255032895
8.56201521273787	-74.28341255032895
8.56201521273787	-74.28341255032895
8.56201521273787	-74.28341255032895
8.56201521273787	-74.28341255032895
8.56201521273787	-74.28341255032895
8.56201521273787	-74.28341255032895
8.56201521273787	-74.28341255032895
8.56201521273787	-74.28341255032895
8.56201521273787	-74.28341255032895
8.56201521273787	-74.28341255032895
8.56201521273787	-74.28341255032895
9.015172501423056	-73.65029393287178
9.015172501423056	-73.65029393287178
9.015172501423056	-73.65029393287178
9.015172501423056	-73.65029393287178
9.015172501423056	-73.65029393287178
9.015172501423056	-73.65029393287178
9.015172501423056	-73.65029393287178
9.015172501423056	-73.65029393287178
9.015172501423056	-73.65029393287178
9.015172501423056	-73.65029393287178
9.015172501423056	-73.65029393287178
9.015172501423056	-73.65029393287178
9.015172501423056	-73.65029393287178
9.015172501423056	-73.65029393287178
9.015172501423056	-73.65029393287178
9.015172501423056	-73.65029393287178
9.015172501423056	-73.65029393287178
9.015172501423056	-73.65029393287178
9.015172501423056	-73.65029393287178
9.015172501423056	-73.65029393287178
9.015172501423056	-73.65029393287178
9.015172501423056	-73.65029393287178
9.015172501423056	-73.65029393287178
9.015172501423056	-73.65029393287178
9.015172501423056	-73.65029393287178
9.015172501423056	-73.65029393287178
9.015172501423056	-73.65029393287178
9.015172501423056	-73.65029393287178
9.015172501423056	-73.65029393287178
9.015172501423056	-73.65029393287178
9.015172501423056	-73.65029393287178
9.015172501423056	-73.65029393287178
9.398217333994152	-72.98442996030863
9.398217333994152	-72.98442996030863
9.398217333994152	-72.98442996030863
9.398217333994152	-72.98442996030863
9.398217333994152	-72.98442996030863
9.398217333994152	-72.98442996030863
9.398217333994152	-72.98442996030863
9.398217333994152	-72.98442996030863
9.398217333994152	-72.98442996030863
9.398217333994152	-72.98442996030863
9.398217333994152	-72.98442996030863
9.398217333994152	-72.98442996030863
9.398217333994152	-72.98442996030863
9.398217333994152	-72.98442996030863
9.398217333994152	-72.98442996030863
9.398217333994152	-72.98442996030863
9.398217333994152	-72.98442996030863
9.398217333994152	-72.98442996030863
9.398217333994152	-72.98442996030863
9.398217333994152	-72.98442996030863
9.398217333994152	-72.98442996030863
9.398217333994152	-72.98442996030863
9.398217333994152	-72.98442996030863
9.398217333994152	-72.98442996030863
9.398217333994152	-72.98442996030863
9.398217333994152	-72.98442996030863
9.398217333994152	-72.98442996030863
9.398217333994152	-72.98442996030863
9.398217333994152	-72.98442996030863
9.398217333994152	-72.98442996030863
9.398217333994152	-72.98442996030863
9.398217333994152	-72.98442996030863
9.398217333994152	-72.98442996030863
9.398217333994152	-72.98442996030863
9.398217333994152	-72.98442996030863
9.398217333994152	-72.98442996030863
9.71081755177892	-72.28468104119015
9.71081755177892	-72.28468104119015
9.71081755177892	-72.28468104119015
9.71081755177892	-72.28468104119015
9.71081755177892	-72.28468104119015
9.71081755177892	-72.28468104119015
9.71081755177892	-72.28468104119015
9.71081755177892	-72.28468104119015
9.71081755177892	-72.28468104119015
9.71081755177892	-72.28468104119015
9.71081755177892	-72.28468104119015
9.71081755177892	-72.28468104119015
9.71081755177892	-72.28468104119015
9.71081755177892	-72.28468104119015
9.71081755177892	-72.28468104119015
9.71081755177892	-72.28468104119015
9.71081755177892	-72.28468104119015
9.71081755177892	-72.28468104119015
9.71081755177892	-72.28468104119015
9.71081755177892	-72.28468104119015
9.71081755177892	-72.28468104119015
9.71081755177892	-72.28468104119015
9.71081755177892	-72.28468104119015
9.71081755177892	-72.28468104119015
9.71081755177892	-72.28468104119015
9.71081755177892	-72.28468104119015
9.71081755177892	-72.28468104119015
9.71081755177892	-72.28468104119015
9.71081755177892	-72.28468104119015
9.71081755177892	-72.28468104119015
9.71081755177892	-72.28468104119015
9.71081755177892	-72.28468104119015
9.71081755177892	-72.28468104119015
9.71081755177892	-72.28468104119015
9.71081755177892	-72.28468104119015
9.71081755177892	-72.28468104119015
9.71081755177892	-72.28468104119015
9.952780309828643	-71.56487868546134
9.952780309828643	-71.56487868546134
9.952780309828643	-71.56487868546134
9.952780309828643	-71.56487868546134
9.952780309828643	-71.56487868546134
9.952780309828643	-71.56487868546134
9.952780309828643	-71.56487868546134
9.952780309828643	-71.56487868546134
9.952780309828643	-71.56487868546134
9.952780309828643	-71.56487868546134
9.952780309828643	-71.56487868546134
9.952780309828643	-71.56487868546134
9.952780309828643	-71.56487868546134
9.952780309828643	-71.56487868546134
9.952780309828643	-71.56487868546134
9.952780309828643	-71.56487868546134
9.952780309828643	-71.56487868546134
9.952780309828643	-71.56487868546134
9.952780309828643	-71.56487868546134
9.952780309828643	-71.56487868546134
9.952780309828643	-71.56487868546134
9.952780309828643	-71.56487868546134
9.952780309828643	-71.56487868546134
9.952780309828643	-71.56487868546134
9.952780309828643	-71.56487868546134
9.952780309828643	-71.56487868546134
10.110818335038573	-70.8243582266802
10.110818335038573	-70.8243582266802
10.110818335038573	-70.8243582266802
10.110818335038573	-70.8243582266802
10.110818335038573	-70.8243582266802
10.110818335038573	-70.8243582266802
10.110818335038573	-70.8243582266802
10.110818335038573	-70.8243582266802
10.110818335038573	-70.8243582266802
10.110818335038573	-70.8243582266802
10.110818335038573	-70.8243582266802
10.110818335038573	-70.8243582266802
10.110818335038573	-70.8243582266802
10.110818335038573	-70.8243582266802
10.110818335038573	-70.8243582266802
10.110818335038573	-70.8243582266802
10.110818335038573	-70.8243582266802
10.110818335038573	-70.8243582266802
10.110818335038573	-70.8243582266802
10.110818335038573	-70.8243582266802
10.110818335038573	-70.8243582266802
10.110818335038573	-70.8243582266802
10.110818335038573	-70.8243582266802
10.110818335038573	-70.8243582266802
10.110818335038573	-70.8243582266802
10.110818335038573	-70.8243582266802
10.110818335038573	-70.8243582266802
10.110818335038573	-70.8243582266802
10.110818335038573	-70.8243582266802
10.110818335038573	-70.8243582266802
10.110818335038573	-70.8243582266802
10.110818335038573	-70.8243582266802
10.110818335038573	-70.8243582266802
10.110818335038573	-70.8243582266802
10.110818335038573	-70.8243582266802
10.185276108428766	-70.07947904253814
10.185276108428766	-70.07947904253814
10.185276108428766	-70.07947904253814
10.185276108428766	-70.07947904253814
10.185276108428766	-70.07947904253814
10.185276108428766	-70.07947904253814
10.185276108428766	-70.07947904253814
10.185276108428766	-70.07947904253814
10.185276108428766	-70.07947904253814
10.185276108428766	-70.07947904253814
10.185276108428766	-70.07947904253814
10.185276108428766	-70.07947904253814
10.185276108428766	-70.07947904253814
10.185276108428766	-70.07947904253814
10.185276108428766	-70.07947904253814
10.185276108428766	-70.07947904253814
10.185276108428766	-70.07947904253814
10.185276108428766	-70.07947904253814
10.185276108428766	-70.07947904253814
10.185276108428766	-70.07947904253814
10.185276108428766	-70.07947904253814
10.185276108428766	-70.07947904253814
10.185276108428766	-70.07947904253814
10.185276108428766	-70.07947904253814
10.185276108428766	-70.07947904253814
10.185276108428766	-70.07947904253814
10.185276108428766	-70.07947904253814
10.185276108428766	-70.07947904253814
10.185276108428766	-70.07947904253814
10.185276108428766	-70.07947904253814
10.185276108428766	-70.07947904253814
10.185276108428766	-70.07947904253814
10.185276108428766	-70.07947904253814
10.185276108428766	-70.07947904253814
10.185276108428766	-70.07947904253814
10.185276108428766	-70.07947904253814
10.185276108428766	-70.07947904253814
10.185276108428766	-70.07947904253814
10.185276108428766	-70.07947904253814
10.178116281794132	-69.33152630464392
10.178116281794132	-69.33152630464392
10.178116281794132	-69.33152630464392
10.178116281794132	-69.33152630464392
10.178116281794132	-69.33152630464392
10.178116281794132	-69.33152630464392
10.178116281794132	-69.33152630464392
10.178116281794132	-69.33152630464392
10.178116281794132	-69.33152630464392
10.178116281794132	-69.33152630464392
10.178116281794132	-69.33152630464392
10.178116281794132	-69.33152630464392
10.178116281794132	-69.33152630464392
10.178116281794132	-69.33152630464392
10.178116281794132	-69.33152630464392
10.178116281794132	-69.33152630464392
10.178116281794132	-69.33152630464392
10.178116281794132	-69.33152630464392
10.178116281794132	-69.33152630464392
10.178116281794132	-69.33152630464392
10.178116281794132	-69.33152630464392
10.178116281794132	-69.33152630464392
10.178116281794132	-69.33152630464392
10.178116281794132	-69.33152630464392
10.178116281794132	-69.33152630464392
10.178116281794132	-69.33152630464392
10.133249028823595	-68.67106017853929
10.133249028823595	-68.67106017853929
10.133249028823595	-68.67106017853929
10.133249028823595	-68.67106017853929
10.133249028823595	-68.67106017853929
10.133249028823595	-68.67106017853929
10.133249028823595	-68.67106017853929
10.133249028823595	-68.67106017853929
10.133249028823595	-68.67106017853929
10.133249028823595	-68.67106017853929
10.133249028823595	-68.67106017853929
10.133249028823595	-68.67106017853929
10.133249028823595	-68.67106017853929
10.133249028823595	-68.67106017853929
10.133249028823595	-68.67106017853929
10.133249028823595	-68.67106017853929
10.133249028823595	-68.67106017853929
10.133249028823595	-68.67106017853929
10.133249028823595	-68.67106017853929
10.133249028823595	-68.67106017853929
10.133249028823595	-68.67106017853929
10.133249028823595	-68.67106017853929
10.133249028823595	-68.67106017853929
10.133249028823595	-68.67106017853929
10.133249028823595	-68.67106017853929
10.133249028823595	-68.67106017853929
10.133249028823595	-68.67106017853929
10.133249028823595	-68.67106017853929
10.133249028823595	-68.67106017853929
10.133249028823595	-68.67106017853929
10.133249028823595	-68.67106017853929
10.133249028823595	-68.67106017853929
10.133249028823595	-68.67106017853929
10.133249028823595	-68.67106017853929
10.133249028823595	-68.67106017853929
10.133249028823595	-68.67106017853929
10.133249028823595	-68.67106017853929
9.98563727558031	-67.903214371703
9.98563727558031	-67.903214371703
9.98563727558031	-67.903214371703
9.98563727558031	-67.903214371703
9.98563727558031	-67.903214371703
9.98563727558031	-67.903214371703
9.98563727558031	-67.903214371703
9.98563727558031	-67.903214371703
9.98563727558031	-67.903214371703
9.98563727558031	-67.903214371703
9.98563727558031	-67.903214371703
9.98563727558031	-67.903214371703
9.98563727558031	-67.903214371703
9.98563727558031	-67.903214371703
9.98563727558031	-67.903214371703
9.98563727558031	-67.903214371703
9.98563727558031	-67.903214371703
9.98563727558031	-67.903214371703
9.98563727558031	-67.903214371703
9.98563727558031	-67.903214371703
9.98563727558031	-67.903214371703
9.98563727558031	-67.903214371703
9.98563727558031	-67.903214371703
9.98563727558031	-67.903214371703
9.98563727558031	-67.903214371703
9.98563727558031	-67.903214371703
9.98563727558031	-67.903214371703
9.98563727558031	-67.903214371703
9.98563727558031	-67.903214371703
9.98563727558031	-67.903214371703
9.98563727558031	-67.903214371703
9.98563727558031	-67.903214371703
9.98563727558031	-67.903214371703
9.98563727558031	-67.903214371703
9.98563727558031	-67.903214371703
9.98563727558031	-67.903214371703
9.777399977722032	-67.14083239398094
9.777399977722032	-67.14083239398094
9.777399977722032	-67.14083239398094
9.777399977722032	-67.14083239398094
9.777399977722032	-67.14083239398094
9.777399977722032	-67.14083239398094
9.777399977722032	-67.14083239398094
9.777399977722032	-67.14083239398094
9.777399977722032	-67.14083239398094
9.777399977722032	-67.14083239398094
9.777399977722032	-67.14083239398094
9.777399977722032	-67.14083239398094
9.777399977722032	-67.14083239398094
9.777399977722032	-67.14083239398094
9.777399977722032	-67.14083239398094
9.777399977722032	-67.14083239398094
9.777399977722032	-67.14083239398094
9.777399977722032	-67.14083239398094
9.777399977722032	-67.14083239398094
9.777399977722032	-67.14083239398094
9.777399977722032	-67.14083239398094
9.777399977722032	-67.14083239398094
9.777399977722032	-67.14083239398094
9.777399977722032	-67.14083239398094
9.777399977722032	-67.14083239398094
9.777399977722032	-67.14083239398094
9.777399977722032	-67.14083239398094
9.777399977722032	-67.14083239398094
9.585132280300451	-66.53248798909527
9.585132280300451	-66.53248798909527
9.585132280300451	-66.53248798909527
9.585132280300451	-66.53248798909527
9.585132280300451	-66.53248798909527
9.585132280300451	-66.53248798909527
9.585132280300451	-66.53248798909527
9.585132280300451	-66.53248798909527
9.585132280300451	-66.53248798909527
9.585132280300451	-66.53248798909527
9.585132280300451	-66.53248798909527
9.585132280300451	-66.53248798909527
9.585132280300451	-66.53248798909527
9.585132280300451	-66.53248798909527
9.585132280300451	-66.53248798909527
9.585132280300451	-66.53248798909527
9.585132280300451	-66.53248798909527
9.585132280300451	-66.53248798909527
9.585132280300451	-66.53248798909527
9.585132280300451	-66.53248798909527
9.585132280300451	-66.53248798909527
9.585132280300451	-66.53248798909527
9.585132280300451	-66.53248798909527
9.585132280300451	-66.53248798909527
9.585132280300451	-66.53248798909527
9.585132280300451	-66.53248798909527
9.585132280300451	-66.53248798909527
9.585132280300451	-66.53248798909527
9.585132280300451	-66.53248798909527
9.585132280300451	-66.53248798909527
9.585132280300451	-66.53248798909527
9.585132280300451	-66.53248798909527
9.41332616806359	-66.08266037729737
9.41332616806359	-66.08266037729737
9.41332616806359	-66.08266037729737
9.41332616806359	-66.08266037729737
9.41332616806359	-66.08266037729737
9.41332616806359	-66.08266037729737
9.41332616806359	-66.08266037729737
9.41332616806359	-66.08266037729737
9.41332616806359	-66.08266037729737
9.41332616806359	-66.08266037729737
9.41332616806359	-66.08266037729737
9.41332616806359	-66.08266037729737
9.41332616806359	-66.08266037729737
9.41332616806359	-66.08266037729737
9.41332616806359	-66.08266037729737
9.41332616806359	-66.08266037729737
9.41332616806359	-66.08266037729737
9.259055141316617	-65.75272504582279
9.259055141316617	-65.75272504582279
9.259055141316617	-65.75272504582279
9.259055141316617	-65.75272504582279
9.259055141316617	-65.75272504582279
