-4.47052 -83.9257
-4.46573 -83.9198
-4.43308 -83.8385
-4.39212 -83.7604
-4.3568 -83.6889
-4.32858 -83.6287
-4.3164 -83.6108
-4.31346 -83.6031
-4.28407 -83.5465
-4.2725 -83.5276
-4.2312 -83.4527
-4.20276 -83.4044
-4.19361 -83.3853
-4.15276 -83.3249
-4.14352 -83.3136
-4.10682 -83.2578
-4.09525 -83.2394
-4.05994 -83.1829
-4.04643 -83.1657
-4.04107 -83.1598
-3.99173 -83.0855
-3.94183 -83.0123
-3.89592 -82.9477
-3.89207 -82.9409
-3.84424 -82.8782
-3.83894 -82.8723
-3.80279 -82.8195
-3.78822 -82.8026
-3.75289 -82.7574
-3.73514 -82.7351
-3.67925 -82.6706
-3.64488 -82.6173
-3.63484 -82.6063
-3.58996 -82.5496
-3.57415 -82.5334
-3.53224 -82.4837
-3.51772 -82.4663
-3.46312 -82.3974
-3.40547 -82.341
-3.40029 -82.3341
-3.34223 -82.2788
-3.33621 -82.274
-3.27923 -82.2172
-3.27362 -82.2109
-3.21822 -82.1434
-3.15975 -82.0793
-3.1013 -82.014
-3.05095 -81.975
-3.03783 -81.9552
-2.98028 -81.9016
-2.97469 -81.8965
-2.91814 -81.8405
-2.9134 -81.8343
-2.85292 -81.773
-2.81624 -81.7265
-2.79678 -81.7155
-2.74879 -81.6721
-2.72949 -81.6488
-2.6797 -81.6086
-2.66209 -81.5943
-2.61401 -81.5516
-2.59641 -81.5379
-2.53262 -81.4794
-2.48477 -81.4363
-2.47177 -81.4293
-2.46674 -81.423
-2.40782 -81.3712
-2.35159 -81.3263
-2.33258 -81.3152
-2.27162 -81.2658
-2.26353 -81.2625
-2.19492 -81.2091
-2.13011 -81.1648
-2.12349 -81.1599
-2.05912 -81.1138
-2.05273 -81.1096
-1.98386 -81.0568
-1.9336 -81.0175
-1.91503 -81.005
-1.84764 -80.9499
-1.78628 -80.9044
-1.78022 -80.8989
-1.7179 -80.8557
-1.7111 -80.8505
-1.65169 -80.8016
-1.64299 -80.7945
-1.60134 -80.7598
-1.57702 -80.7449
-1.50993 -80.6895
-1.45966 -80.6489
-1.43782 -80.6358
-1.37483 -80.5932
-1.36982 -80.588
-1.3057 -80.5419
-1.24618 -80.5042
-1.2282 -80.4915
-1.15695 -80.4458
-1.10515 -80.4112
-1.09367 -80.403
-1.01874 -80.3597
-1.01223 -80.3558
-0.944795 -80.3147
-0.938197 -80.3105
-0.889 -80.2806
-0.861931 -80.2701
-0.786494 -80.2302
-0.732711 -80.1964
-0.719641 -80.1905
-0.65824 -80.1522
-0.644507 -80.1465
-0.579653 -80.1098
-0.567078 -80.1025
-0.559733 -80.0995
-0.481942 -80.0566
-0.40312 -80.0176
-0.332438 -79.9811
-0.32588 -79.9764
-0.255792 -79.9371
-0.190661 -79.9025
-0.170932 -79.8892
-0.119097 -79.8621
-0.091116 -79.85
-0.0132815 -79.8081
0.0450446 -79.7759
0.0587109 -79.7701
0.06572 -79.7663
0.137515 -79.7296
0.144637 -79.7255
0.216183 -79.6899
0.22221 -79.683
0.300514 -79.6436
0.358353 -79.6134
0.372051 -79.6091
0.379486 -79.6057
0.448299 -79.5646
0.51323 -79.532
0.526542 -79.5257
0.591163 -79.4917
0.604146 -79.4841
0.664068 -79.4559
0.690075 -79.4409
0.769594 -79.404
0.827696 -79.3745
0.840771 -79.3656
0.920977 -79.3305
0.928917 -79.3265
1.00058 -79.289
1.00763 -79.2849
1.08754 -79.247
1.16653 -79.2055
1.22601 -79.1773
1.2386 -79.1688
1.30472 -79.1365
1.31836 -79.1319
1.3965 -79.0944
1.40311 -79.0887
1.48094 -79.0476
1.55823 -79.0103
1.61638 -78.9852
1.62914 -78.9781
1.63574 -78.9744
1.70604 -78.9388
1.71386 -78.9355
1.78551 -78.9038
1.79281 -78.9015
1.87154 -78.8684
1.95039 -78.8323
2.02229 -78.7999
2.0301 -78.7955
2.10159 -78.7609
2.10843 -78.7583
2.16685 -78.7302
2.18047 -78.7268
2.18735 -78.7229
2.26521 -78.6897
2.34281 -78.6541
2.40075 -78.6299
2.41363 -78.6208
2.4788 -78.5897
2.49239 -78.5885
2.55731 -78.555
2.57084 -78.5514
2.5779 -78.547
2.65673 -78.5094
2.71596 -78.4827
2.72928 -78.4763
2.79555 -78.445
2.80856 -78.4389
2.88615 -78.4023
2.89325 -78.3987
2.96389 -78.3641
2.97083 -78.361
3.04713 -78.3209
3.12312 -78.2874
3.17837 -78.2595
3.19138 -78.2516
3.25526 -78.2264
3.26771 -78.2195
3.33053 -78.1901
3.34337 -78.1831
3.35014 -78.1795
3.42619 -78.146
3.50266 -78.1068
3.56003 -78.0831
3.57216 -78.0761
3.63616 -78.0463
3.64971 -78.0428
3.71116 -78.0107
3.7306 -78.0018
3.80535 -77.9648
3.85927 -77.9359
3.87911 -77.9272
3.93562 -77.9051
3.95536 -77.8976
4.01025 -77.8702
4.02485 -77.8667
4.08125 -77.8414
4.10606 -77.8284
4.18299 -77.7931
4.25873 -77.7535
4.31478 -77.7333
4.32599 -77.7206
4.33283 -77.7177
4.3996 -77.6861
4.40686 -77.684
4.46134 -77.6582
4.47987 -77.6469
4.55315 -77.6137
4.60748 -77.5836
4.62654 -77.5765
4.67994 -77.5411
4.75488 -77.5126
4.82223 -77.4764
4.84784 -77.465
4.91857 -77.4181
4.96702 -77.3995
4.98541 -77.3967
5.04242 -77.3555
5.05419 -77.3477
5.11391 -77.3185
5.13213 -77.3048
5.18545 -77.2771
5.2046 -77.2687
5.27498 -77.2193
5.32754 -77.1921
5.34569 -77.1819
5.39597 -77.1427
5.46526 -77.0977
5.4863 -77.0999
5.53152 -77.0676
5.55599 -77.0584
5.6246 -77.0127
5.67543 -76.9759
5.6928 -76.9642
5.74534 -76.943
5.7629 -76.9322
5.81101 -76.894
5.87378 -76.8554
5.8976 -76.8423
5.96523 -76.7975
6.01431 -76.7615
6.08283 -76.717
6.15076 -76.6729
6.16855 -76.6609
6.21271 -76.6291
6.23459 -76.6101
6.30187 -76.5603
6.35468 -76.5309
6.37247 -76.5189
6.42121 -76.4735
6.43902 -76.4586
6.49147 -76.4256
6.51003 -76.4143
6.58086 -76.3654
6.65211 -76.3171
6.70498 -76.2806
6.77457 -76.2245
6.79439 -76.2131
6.84873 -76.1789
6.86657 -76.161
6.91156 -76.1198
6.93173 -76.09
7.00254 -76.0311
7.0581 -75.9948
7.07665 -75.9757
7.12996 -75.9277
7.20101 -75.8612
7.21997 -75.8453
7.26929 -75.8022
7.29481 -75.7762
7.36566 -75.7077
7.41842 -75.6542
7.43932 -75.6381
7.49281 -75.5796
7.5686 -75.5089
7.58493 -75.4818
7.63413 -75.4322
7.65794 -75.4039
7.73189 -75.326
7.78531 -75.264
7.80423 -75.2439
7.85492 -75.18
7.92724 -75.1034
7.94565 -75.0819
8.01453 -74.9977
8.08316 -74.9135
8.13324 -74.8497
8.2007 -74.7629
8.26364 -74.6684
8.28079 -74.6447
8.34657 -74.554
8.41204 -74.4657
8.45373 -74.3938
8.4699 -74.3705
8.51622 -74.3052
8.57245 -74.2097
8.58492 -74.1816
8.64037 -74.0924
8.68006 -74.0231
8.73137 -73.9265
8.78897 -73.8377
8.84496 -73.7477
8.85755 -73.7212
8.89213 -73.6609
8.90855 -73.6267
8.94343 -73.5513
8.95916 -73.5306
8.99362 -73.4556
9.04024 -73.3591
9.05593 -73.3361
9.08547 -73.2605
9.1054 -73.2441
9.13086 -73.1743
9.14905 -73.145
9.19363 -73.047
9.23 -72.9788
9.2712 -72.8812
9.2826 -72.8569
9.31694 -72.7657
9.32281 -72.759
9.36365 -72.6627
9.40383 -72.5611
9.43351 -72.486
9.44188 -72.471
9.44387 -72.4597
9.48218 -72.3705
9.48364 -72.3603
9.52154 -72.2744
9.52394 -72.2656
9.55929 -72.166
9.59328 -72.0621
9.62319 -71.9931
9.62849 -71.9749
9.6623 -71.8725
9.66532 -71.8623
9.69559 -71.7732
9.6985 -71.7638
9.73468 -71.6689
9.76704 -71.5697
9.78952 -71.4925
9.79403 -71.4624
9.82236 -71.3687
9.825 -71.3595
9.85251 -71.2659
9.85448 -71.2554
9.87715 -71.1503
9.89418 -71.0526
9.89417 -71.0415
9.91476 -70.9454
9.917 -70.9361
9.93479 -70.8379
9.95239 -70.7494
9.95814 -70.7211
9.9768 -70.6126
9.99237 -70.502
10.0056 -70.4009
10.0079 -70.3915
10.0228 -70.2915
10.0237 -70.2814
10.0357 -70.2007
10.04 -70.1723
10.0564 -70.0599
10.0682 -69.9593
10.079 -69.8657
10.0822 -69.8477
10.0838 -69.8367
10.0946 -69.7343
10.1029 -69.6385
10.1039 -69.6075
10.1141 -69.4929
10.1202 -69.4072
10.1216 -69.3762
10.1272 -69.271
10.1284 -69.2605
10.135 -69.1553
10.1355 -69.1445
10.1396 -69.0382
10.1403 -69.0272
10.1442 -68.9103
10.1459 -68.8223
10.1452 -68.803
10.1454 -68.7037
10.1473 -68.6846
10.146 -68.5944
10.1471 -68.5661
10.1458 -68.4753
10.1463 -68.4351
10.1402 -68.3089
10.1358 -68.2246
10.1378 -68.1949
10.136 -68.1823
10.1301 -68.068
10.1189 -67.9454
10.1181 -67.9332
10.1123 -67.8228
10.1099 -67.8113
10.0919 -67.6866
10.0841 -67.6054
10.0818 -67.5639
10.0658 -67.4524
10.0641 -67.4411
10.0448 -67.3155
10.0269 -67.1915
10.0042 -67.0657
9.98376 -66.9506
9.98226 -66.9396
9.96785 -66.8546
9.95821 -66.8228
9.95558 -66.8107
9.93515 -66.6955
9.93368 -66.6827
9.91724 -66.6006
9.90618 -66.5573
9.87871 -66.4315
9.85937 -66.3464
9.85007 -66.3044
9.82175 -66.1886
9.81814 -66.1766
9.79753 -66.0926
9.78691 -66.0501
9.76426 -65.9657
9.7516 -65.9219
9.71748 -65.7956
9.6891 -65.6796
9.65888 -65.5837
9.64381 -65.5408
9.60994 -65.425
9.60654 -65.4137
9.58021 -65.3297
9.56439 -65.2861
9.51906 -65.16
9.47959 -65.0452
9.47501 -65.0341
9.44438 -64.951
9.43627 -64.9194
9.393 -64.7912
9.38865 -64.7783
9.3384 -64.6498
9.29125 -64.5207
9.26536 -64.4373
9.23879 -64.3934
9.19762 -64.2756
9.19288 -64.2643
9.13807 -64.1337
9.10428 -64.0475
9.08723 -64.0031
9.03306 -63.8715
8.98025 -63.7522
8.92436 -63.6194
8.88201 -63.5199
8.86696 -63.4871
8.86122 -63.4735
8.80234 -63.3418
8.74107 -63.2097
8.70183 -63.1199
8.6881 -63.086
8.63875 -62.9717
8.61908 -62.937
8.56579 -62.8123
8.51925 -62.708
8.50092 -62.6614
8.43945 -62.5223
8.39969 -62.4303
8.38524 -62.3967
8.32574 -62.2548
8.28019 -62.1481
8.26866 -62.1133
8.26323 -62.1002
8.20327 -61.958
8.13769 -61.8144
8.09629 -61.7209
8.07811 -61.6722
8.02035 -61.5413
7.95519 -61.3979
7.94867 -61.3829
7.88522 -61.2363
7.81994 -61.0901
7.77653 -60.9919
7.75661 -60.9566
7.69474 -60.8068
7.68828 -60.7921
7.62326 -60.6455
7.55786 -60.4961
7.4932 -60.3472
7.43422 -60.2083
7.42788 -60.1934
7.36561 -60.0397
7.30094 -59.8876
7.23065 -59.7335
7.15835 -59.5803
7.09751 -59.4391
7.02703 -59.2836
6.95689 -59.1281
6.95023 -59.1136
6.87615 -58.9545
6.80297 -58.7957
6.75455 -58.6903
6.68137 -58.5304
6.65941 -58.4756
6.61222 -58.3697
6.58909 -58.3152
6.51738 -58.1539
6.442 -57.9907
6.39074 -57.8848
6.3645 -57.83
6.31093 -57.7097
6.23969 -57.5607
6.21522 -57.5069
6.13871 -57.3438
6.08208 -57.2222
6.06217 -57.1789
6.00569 -57.0551
5.98547 -57.011
5.92867 -56.8875
5.90835 -56.8443
5.85169 -56.7212
5.82798 -56.6737
5.75202 -56.5116
5.69417 -56.3887
5.62246 -56.2323
5.59719 -56.1747
5.54191 -56.0507
5.52037 -56.0071
5.4624 -55.8805
5.44296 -55.8373
5.36236 -55.6682
5.30284 -55.5425
5.22191 -55.3712
5.1468 -55.2144
5.06626 -55.044
5.0392 -54.9877
4.95436 -54.816
4.896 -54.703
4.88919 -54.69
4.80361 -54.5198
4.71904 -54.3482
4.64108 -54.1911
4.63426 -54.1777
4.61252 -54.1333
4.52803 -53.9632
4.47133 -53.8472
4.44269 -53.79
4.37842 -53.6609
4.29267 -53.4895
4.27071 -53.4455
4.21168 -53.3306
4.18305 -53.2733
4.09678 -53.1009
4.0408 -52.9873
4.00958 -52.9256
3.94655 -52.801
3.86051 -52.6281
3.83853 -52.5844
3.75076 -52.4104
3.66456 -52.241
3.60746 -52.1268
3.52125 -51.9541
3.43585 -51.7822
3.40629 -51.7238
3.32273 -51.552
3.23969 -51.379
3.18511 -51.2655
3.17801 -51.2513
3.09579 -51.0797
3.0742 -51.035
3.01308 -50.9076
2.93635 -50.7483
2.90809 -50.6913
2.82792 -50.5191
2.76807 -50.3908
2.69434 -50.2325
2.61411 -50.0598
2.58656 -50.0024
2.50617 -49.8314
2.42393 -49.6604
2.36398 -49.5336
2.28895 -49.3758
2.26075 -49.317
2.208 -49.2042
2.17909 -49.1467
2.12531 -49.0344
2.09654 -48.9764
2.01368 -48.8051
1.95712 -48.68
1.93777 -48.636
1.88199 -48.5078
1.7867 -48.2919
1.70654 -48.1207
1.62606 -47.9507
1.56761 -47.8247
1.49001 -47.6557
1.33923 -47.3302
1.31256 -47.2707
1.18108 -46.988
1.07328 -46.7589
0.993253 -46.5876
0.834304 -46.2427
0.778803 -46.1153
0.697465 -45.9425
-4.47052 -83.9257
-4.46573 -83.9198
-4.43308 -83.8385
-4.39212 -83.7604
-4.3568 -83.6889
-4.32858 -83.6287
-4.3164 -83.6108
-4.31346 -83.6031
-4.28407 -83.5465
-4.2725 -83.5276
-4.2312 -83.4527
-4.20276 -83.4044
-4.19361 -83.3853
-4.15276 -83.3249
-4.14352 -83.3136
-4.10682 -83.2578
-4.09525 -83.2394
-4.05994 -83.1829
-4.04643 -83.1657
-4.04107 -83.1598
-3.99173 -83.0855
-3.94183 -83.0123
-3.89592 -82.9477
-3.89207 -82.9409
-3.84424 -82.8782
-3.83894 -82.8723
-3.80279 -82.8195
-3.78822 -82.8026
-3.75289 -82.7574
-3.73514 -82.7351
-3.67925 -82.6706
-3.64488 -82.6173
-3.63484 -82.6063
-3.58996 -82.5496
-3.57415 -82.5334
-3.53224 -82.4837
-3.51772 -82.4663
-3.46312 -82.3974
-3.40547 -82.341
-3.40029 -82.3341
-3.34223 -82.2788
-3.33621 -82.274
-3.27923 -82.2172
-3.27362 -82.2109
-3.21822 -82.1434
-3.15975 -82.0793
-3.1013 -82.014
-3.05095 -81.975
-3.03783 -81.9552
-2.98028 -81.9016
-2.97469 -81.8965
-2.91814 -81.8405
-2.9134 -81.8343
-2.85292 -81.773
-2.81624 -81.7265
-2.79678 -81.7155
-2.74879 -81.6721
-2.72949 -81.6488
-2.6797 -81.6086
-2.66209 -81.5943
-2.61401 -81.5516
-2.59641 -81.5379
-2.53262 -81.4794
-2.48477 -81.4363
-2.47177 -81.4293
-2.46674 -81.423
-2.40782 -81.3712
-2.35159 -81.3263
-2.33258 -81.3152
-2.27162 -81.2658
-2.26353 -81.2625
-2.19492 -81.2091
-2.13011 -81.1648
-2.12349 -81.1599
-2.05912 -81.1138
-2.05273 -81.1096
-1.98386 -81.0568
-1.9336 -81.0175
-1.91503 -81.005
-1.84764 -80.9499
-1.78628 -80.9044
-1.78022 -80.8989
-1.7179 -80.8557
-1.7111 -80.8505
-1.65169 -80.8016
-1.64299 -80.7945
-1.60134 -80.7598
-1.57702 -80.7449
-1.50993 -80.6895
-1.45966 -80.6489
-1.43782 -80.6358
-1.37483 -80.5932
-1.36982 -80.588
-1.3057 -80.5419
-1.24618 -80.5042
-1.2282 -80.4915
-1.15695 -80.4458
-1.10515 -80.4112
-1.09367 -80.403
-1.01874 -80.3597
-1.01223 -80.3558
-0.944795 -80.3147
-0.938197 -80.3105
-0.889 -80.2806
-0.861931 -80.2701
-0.786494 -80.2302
-0.732711 -80.1964
-0.719641 -80.1905
-0.65824 -80.1522
-0.644507 -80.1465
-0.579653 -80.1098
-0.567078 -80.1025
-0.559733 -80.0995
-0.481942 -80.0566
-0.40312 -80.0176
-0.332438 -79.9811
-0.32588 -79.9764
-0.255792 -79.9371
-0.190661 -79.9025
-0.170932 -79.8892
-0.119097 -79.8621
-0.091116 -79.85
-0.0132815 -79.8081
0.0450446 -79.7759
0.0587109 -79.7701
0.06572 -79.7663
0.137515 -79.7296
0.144637 -79.7255
0.216183 -79.6899
0.22221 -79.683
0.300514 -79.6436
0.358353 -79.6134
0.372051 -79.6091
0.379486 -79.6057
0.448299 -79.5646
0.51323 -79.532
0.526542 -79.5257
0.591163 -79.4917
0.604146 -79.4841
0.664068 -79.4559
0.690075 -79.4409
0.769594 -79.404
0.827696 -79.3745
0.840771 -79.3656
0.920977 -79.3305
0.928917 -79.3265
1.00058 -79.289
1.00763 -79.2849
1.08754 -79.247
1.16653 -79.2055
1.22601 -79.1773
1.2386 -79.1688
1.30472 -79.1365
1.31836 -79.1319
1.3965 -79.0944
1.40311 -79.0887
1.48094 -79.0476
1.55823 -79.0103
1.61638 -78.9852
1.62914 -78.9781
1.63574 -78.9744
1.70604 -78.9388
1.71386 -78.9355
1.78551 -78.9038
1.79281 -78.9015
1.87154 -78.8684
1.95039 -78.8323
2.02229 -78.7999
2.0301 -78.7955
2.10159 -78.7609
2.10843 -78.7583
2.16685 -78.7302
2.18047 -78.7268
2.18735 -78.7229
2.26521 -78.6897
2.34281 -78.6541
2.40075 -78.6299
2.41363 -78.6208
2.4788 -78.5897
2.49239 -78.5885
2.55731 -78.555
2.57084 -78.5514
2.5779 -78.547
2.65673 -78.5094
2.71596 -78.4827
2.72928 -78.4763
2.79555 -78.445
2.80856 -78.4389
2.88615 -78.4023
2.89325 -78.3987
2.96389 -78.3641
2.97083 -78.361
3.04713 -78.3209
3.12312 -78.2874
3.17837 -78.2595
3.19138 -78.2516
3.25526 -78.2264
3.26771 -78.2195
3.33053 -78.1901
3.34337 -78.1831
3.35014 -78.1795
3.42619 -78.146
3.50266 -78.1068
3.56003 -78.0831
3.57216 -78.0761
3.63616 -78.0463
3.64971 -78.0428
3.71116 -78.0107
3.7306 -78.0018
3.80535 -77.9648
3.85927 -77.9359
3.87911 -77.9272
3.93562 -77.9051
3.95536 -77.8976
4.01025 -77.8702
4.02485 -77.8667
4.08125 -77.8414
4.10606 -77.8284
4.18299 -77.7931
4.25873 -77.7535
4.31478 -77.7333
4.32599 -77.7206
4.33283 -77.7177
4.3996 -77.6861
4.40686 -77.684
4.46134 -77.6582
4.47987 -77.6469
4.55315 -77.6137
4.60748 -77.5836
4.62654 -77.5765
4.67994 -77.5411
4.75488 -77.5126
4.82223 -77.4764
4.84784 -77.465
4.91857 -77.4181
4.96702 -77.3995
4.98541 -77.3967
5.04242 -77.3555
5.05419 -77.3477
5.11391 -77.3185
5.13213 -77.3048
5.18545 -77.2771
5.2046 -77.2687
5.27498 -77.2193
5.32754 -77.1921
5.34569 -77.1819
5.39597 -77.1427
5.46526 -77.0977
5.4863 -77.0999
5.53152 -77.0676
5.55599 -77.0584
5.6246 -77.0127
5.67543 -76.9759
5.6928 -76.9642
5.74534 -76.943
5.7629 -76.9322
5.81101 -76.894
5.87378 -76.8554
5.8976 -76.8423
5.96523 -76.7975
6.01431 -76.7615
6.08283 -76.717
6.15076 -76.6729
6.16855 -76.6609
6.21271 -76.6291
6.23459 -76.6101
6.30187 -76.5603
6.35468 -76.5309
6.37247 -76.5189
6.42121 -76.4735
6.43902 -76.4586
6.49147 -76.4256
6.51003 -76.4143
6.58086 -76.3654
6.65211 -76.3171
6.70498 -76.2806
6.77457 -76.2245
6.79439 -76.2131
6.84873 -76.1789
6.86657 -76.161
6.91156 -76.1198
6.93173 -76.09
7.00254 -76.0311
7.0581 -75.9948
7.07665 -75.9757
7.12996 -75.9277
7.20101 -75.8612
7.21997 -75.8453
7.26929 -75.8022
7.29481 -75.7762
7.36566 -75.7077
7.41842 -75.6542
7.43932 -75.6381
7.49281 -75.5796
7.5686 -75.5089
7.58493 -75.4818
7.63413 -75.4322
7.65794 -75.4039
7.73189 -75.326
7.78531 -75.264
7.80423 -75.2439
7.85492 -75.18
7.92724 -75.1034
7.94565 -75.0819
8.01453 -74.9977
8.08316 -74.9135
8.13324 -74.8497
8.2007 -74.7629
8.26364 -74.6684
8.28079 -74.6447
8.34657 -74.554
8.41204 -74.4657
8.45373 -74.3938
8.4699 -74.3705
8.51622 -74.3052
8.57245 -74.2097
8.58492 -74.1816
8.64037 -74.0924
8.68006 -74.0231
8.73137 -73.9265
8.78897 -73.8377
8.84496 -73.7477
8.85755 -73.7212
8.89213 -73.6609
8.90855 -73.6267
8.94343 -73.5513
8.95916 -73.5306
8.99362 -73.4556
9.04024 -73.3591
9.05593 -73.3361
9.08547 -73.2605
9.1054 -73.2441
9.13086 -73.1743
9.14905 -73.145
9.19363 -73.047
9.23 -72.9788
9.2712 -72.8812
9.2826 -72.8569
9.31694 -72.7657
9.32281 -72.759
9.36365 -72.6627
9.40383 -72.5611
9.43351 -72.486
9.44188 -72.471
9.44387 -72.4597
9.48218 -72.3705
9.48364 -72.3603
9.52154 -72.2744
9.52394 -72.2656
9.55929 -72.166
9.59328 -72.0621
9.62319 -71.9931
9.62849 -71.9749
9.6623 -71.8725
9.66532 -71.8623
9.69559 -71.7732
9.6985 -71.7638
9.73468 -71.6689
9.76704 -71.5697
9.78952 -71.4925
9.79403 -71.4624
9.82236 -71.3687
9.825 -71.3595
9.85251 -71.2659
9.85448 -71.2554
9.87715 -71.1503
9.89418 -71.0526
9.89417 -71.0415
9.91476 -70.9454
9.917 -70.9361
9.93479 -70.8379
9.95239 -70.7494
9.95814 -70.7211
9.9768 -70.6126
9.99237 -70.502
10.0056 -70.4009
10.0079 -70.3915
10.0228 -70.2915
10.0237 -70.2814
10.0357 -70.2007
10.04 -70.1723
10.0564 -70.0599
10.0682 -69.9593
10.079 -69.8657
10.0822 -69.8477
10.0838 -69.8367
10.0946 -69.7343
10.1029 -69.6385
10.1039 -69.6075
10.1141 -69.4929
10.1202 -69.4072
10.1216 -69.3762
10.1272 -69.271
10.1284 -69.2605
10.135 -69.1553
10.1355 -69.1445
10.1396 -69.0382
10.1403 -69.0272
10.1442 -68.9103
10.1459 -68.8223
10.1452 -68.803
10.1454 -68.7037
10.1473 -68.6846
10.146 -68.5944
10.1471 -68.5661
10.1458 -68.4753
10.1463 -68.4351
10.1402 -68.3089
10.1358 -68.2246
10.1378 -68.1949
10.136 -68.1823
10.1301 -68.068
10.1189 -67.9454
10.1181 -67.9332
10.1123 -67.8228
10.1099 -67.8113
10.0919 -67.6866
10.0841 -67.6054
10.0818 -67.5639
10.0658 -67.4524
10.0641 -67.4411
10.0448 -67.3155
10.0269 -67.1915
10.0042 -67.0657
9.98376 -66.9506
9.98226 -66.9396
9.96785 -66.8546
9.95821 -66.8228
9.95558 -66.8107
9.93515 -66.6955
9.93368 -66.6827
9.91724 -66.6006
9.90618 -66.5573
9.87871 -66.4315
9.85937 -66.3464
9.85007 -66.3044
9.82175 -66.1886
9.81814 -66.1766
9.79753 -66.0926
9.78691 -66.0501
9.76426 -65.9657
9.7516 -65.9219
9.71748 -65.7956
9.6891 -65.6796
9.65888 -65.5837
9.64381 -65.5408
9.60994 -65.425
9.60654 -65.4137
9.58021 -65.3297
9.56439 -65.2861
9.51906 -65.16
9.47959 -65.0452
9.47501 -65.0341
9.44438 -64.951
9.43627 -64.9194
9.393 -64.7912
9.38865 -64.7783
9.3384 -64.6498
9.29125 -64.5207
9.26536 -64.4373
9.23879 -64.3934
9.19762 -64.2756
9.19288 -64.2643
9.13807 -64.1337
9.10428 -64.0475
9.08723 -64.0031
9.03306 -63.8715
8.98025 -63.7522
8.92436 -63.6194
8.88201 -63.5199
8.86696 -63.4871
8.86122 -63.4735
8.80234 -63.3418
8.74107 -63.2097
8.70183 -63.1199
8.6881 -63.086
8.63875 -62.9717
8.61908 -62.937
8.56579 -62.8123
8.51925 -62.708
8.50092 -62.6614
8.43945 -62.5223
8.39969 -62.4303
8.38524 -62.3967
8.32574 -62.2548
8.28019 -62.1481
8.26866 -62.1133
8.26323 -62.1002
8.20327 -61.958
8.13769 -61.8144
8.09629 -61.7209
8.07811 -61.6722
8.02035 -61.5413
7.95519 -61.3979
7.94867 -61.3829
7.88522 -61.2363
7.81994 -61.0901
7.77653 -60.9919
7.75661 -60.9566
7.69474 -60.8068
7.68828 -60.7921
7.62326 -60.6455
7.55786 -60.4961
7.4932 -60.3472
7.43422 -60.2083
7.42788 -60.1934
7.36561 -60.0397
7.30094 -59.8876
7.23065 -59.7335
7.15835 -59.5803
7.09751 -59.4391
7.02703 -59.2836
6.95689 -59.1281
6.95023 -59.1136
6.87615 -58.9545
6.80297 -58.7957
6.75455 -58.6903
6.68137 -58.5304
6.65941 -58.4756
6.61222 -58.3697
6.58909 -58.3152
6.51738 -58.1539
6.442 -57.9907
6.39074 -57.8848
6.3645 -57.83
6.31093 -57.7097
6.23969 -57.5607
6.21522 -57.5069
6.13871 -57.3438
6.08208 -57.2222
6.06217 -57.1789
6.00569 -57.0551
5.98547 -57.011
5.92867 -56.8875
5.90835 -56.8443
5.85169 -56.7212
5.82798 -56.6737
5.75202 -56.5116
5.69417 -56.3887
5.62246 -56.2323
5.59719 -56.1747
5.54191 -56.0507
5.52037 -56.0071
5.4624 -55.8805
5.44296 -55.8373
5.36236 -55.6682
5.30284 -55.5425
5.22191 -55.3712
5.1468 -55.2144
5.06626 -55.044
5.0392 -54.9877
4.95436 -54.816
4.896 -54.703
4.88919 -54.69
4.80361 -54.5198
4.71904 -54.3482
4.64108 -54.1911
4.63426 -54.1777
4.61252 -54.1333
4.52803 -53.9632
4.47133 -53.8472
4.44269 -53.79
4.37842 -53.6609
4.29267 -53.4895
4.27071 -53.4455
4.21168 -53.3306
4.18305 -53.2733
4.09678 -53.1009
4.0408 -52.9873
4.00958 -52.9256
3.94655 -52.801
3.86051 -52.6281
3.83853 -52.5844
3.75076 -52.4104
3.66456 -52.241
3.60746 -52.1268
3.52125 -51.9541
3.43585 -51.7822
3.40629 -51.7238
3.32273 -51.552
3.23969 -51.379
3.18511 -51.2655
3.17801 -51.2513
3.09579 -51.0797
3.0742 -51.035
3.01308 -50.9076
2.93635 -50.7483
2.90809 -50.6913
2.82792 -50.5191
2.76807 -50.3908
2.69434 -50.2325
2.61411 -50.0598
2.58656 -50.0024
2.50617 -49.8314
2.42393 -49.6604
2.36398 -49.5336
2.28895 -49.3758
2.26075 -49.317
2.208 -49.2042
2.17909 -49.1467
2.12531 -49.0344
2.09654 -48.9764
2.01368 -48.8051
1.95712 -48.68
1.93777 -48.636
1.88199 -48.5078
1.7867 -48.2919
1.70654 -48.1207
1.62606 -47.9507
1.56761 -47.8247
1.49001 -47.6557
1.33923 -47.3302
1.31256 -47.2707
1.18108 -46.988
1.07328 -46.7589
0.993253 -46.5876
0.834304 -46.2427
0.778803 -46.1153
0.697465 -45.9425
