-5.17139 -85.6499
-5.17048 -85.5914
-5.16717 -85.5259
-5.16639 -85.4798
-5.16431 -85.4033
-5.16358 -85.373
-5.1615 -85.3621
-5.15683 -85.2959
-5.14109 -85.2203
-5.13663 -85.1895
-5.13104 -85.1439
-5.12862 -85.0972
-5.12551 -85.0372
-5.12202 -85.0216
-5.11749 -84.9924
-5.11203 -84.962
-5.10823 -84.9166
-5.10002 -84.8415
-5.09533 -84.7954
-5.09068 -84.7552
-5.08351 -84.7194
-5.08045 -84.6559
-5.07647 -84.6084
-5.07161 -84.5978
-5.06745 -84.5182
-5.05388 -84.4557
-5.05574 -84.4434
-5.05357 -84.4081
-5.04732 -84.3683
-5.04389 -84.3326
-5.04368 -84.3017
-5.0319 -84.2719
-5.02754 -84.2237
-5.02527 -84.2127
-5.01865 -84.1758
-5.01055 -84.1343
-4.99624 -84.0682
-4.98422 -84.0217
-4.96671 -83.9444
-4.95384 -83.8834
-4.93743 -83.8402
-4.93394 -83.8295
-4.91615 -83.7658
-4.91009 -83.7565
-4.89424 -83.6919
-4.88865 -83.6823
-4.87855 -83.6464
-4.86663 -83.6175
-4.85152 -83.5723
-4.84073 -83.5423
-4.83793 -83.5313
-4.81338 -83.4686
-4.81041 -83.4583
-4.79137 -83.3968
-4.78451 -83.3881
-4.77557 -83.3221
-4.75931 -83.318
-4.7552 -83.2815
-4.7255 -83.2075
-4.70887 -83.1807
-4.69841 -83.1508
-4.68116 -83.1051
-4.67433 -83.0958
-4.64395 -83.035
-4.64295 -83.0227
-4.61135 -82.9631
-4.61895 -82.9461
-4.59226 -82.9188
-4.57065 -82.8597
-4.56075 -82.8458
-4.53488 -82.7884
-4.52856 -82.7736
-4.51897 -82.7298
-4.50206 -82.6971
-4.48011 -82.6605
-4.44358 -82.5888
-4.42716 -82.5545
-4.39376 -82.4806
-4.37832 -82.454
-4.36364 -82.425
-4.33202 -82.3744
-4.29938 -82.3143
-4.29075 -82.3054
-4.2538 -82.248
-4.24779 -82.2371
-4.22344 -82.2077
-4.17987 -82.1397
-4.16291 -82.1133
-4.11137 -82.0514
-4.102 -82.044
-4.08121 -82.0129
-4.05765 -81.9772
-4.03595 -81.9463
-4.0085 -81.9142
-3.98788 -81.88
-3.9467 -81.8283
-3.93375 -81.8159
-3.89107 -81.7658
-3.85884 -81.7292
-3.85015 -81.7211
-3.83095 -81.6881
-3.80279 -81.6568
-3.7766 -81.6306
-3.74874 -81.5988
-3.72405 -81.5724
-3.6699 -81.5012
-3.62816 -81.4436
-3.61802 -81.4282
-3.58292 -81.3961
-3.55886 -81.364
-3.53057 -81.331
-3.4827 -81.281
-3.47719 -81.27
-3.45116 -81.2435
-3.39457 -81.1856
-3.37285 -81.1635
-3.3621 -81.1584
-3.31601 -81.108
-3.3082 -81.0996
-3.25828 -81.0536
-3.24988 -81.0453
-3.1877 -80.9939
-3.16109 -80.9678
-3.10146 -80.9137
-3.07894 -80.891
-3.07006 -80.8835
-3.04114 -80.8585
-3.00596 -80.8338
-2.9774 -80.8094
-2.94024 -80.7876
-2.91505 -80.7596
-2.87784 -80.7383
-2.85167 -80.7123
-2.78515 -80.6708
-2.7571 -80.6569
-2.74703 -80.6513
-2.68346 -80.6065
-2.64658 -80.5964
-2.61925 -80.561
-2.57874 -80.5575
-2.54646 -80.5313
-2.51963 -80.5086
-2.4571 -80.4705
-2.4291 -80.4531
-2.42215 -80.4522
-2.35995 -80.4128
-2.34368 -80.4029
-2.29838 -80.3735
-2.26905 -80.3564
-2.23749 -80.3333
-2.20768 -80.3189
-2.15116 -80.2761
-2.12606 -80.265
-2.11557 -80.2621
-2.08986 -80.2409
-2.05683 -80.2236
-2.04156 -80.215
-2.00459 -80.1948
-1.98288 -80.1791
-1.95434 -80.1693
-1.932 -80.1557
-1.88999 -80.1336
-1.87918 -80.1248
-1.85633 -80.1117
-1.8464 -80.1105
-1.81985 -80.0955
-1.788 -80.0797
-1.76109 -80.0648
-1.72844 -80.0496
-1.69868 -80.0378
-1.66517 -80.0229
-1.63626 -80.01
-1.5857 -79.9893
-1.57445 -79.9771
-1.5441 -79.969
-1.51929 -79.9581
-1.49019 -79.9461
-1.46658 -79.9321
-1.43901 -79.9168
-1.41221 -79.9118
-1.38337 -79.9023
-1.35879 -79.8905
-1.31553 -79.881
-1.30573 -79.8737
-1.27675 -79.8645
-1.23448 -79.8522
-1.22838 -79.8485
-1.18049 -79.831
-1.16809 -79.8271
-1.13298 -79.814
-1.10961 -79.8093
-1.06152 -79.795
-1.04275 -79.789
-1.03568 -79.7874
-0.988327 -79.7742
-0.967059 -79.7694
-0.943675 -79.7602
-0.923566 -79.7531
-0.899686 -79.7445
-0.879975 -79.7349
-0.840019 -79.7205
-0.823359 -79.7188
-0.817686 -79.7162
-0.783566 -79.7051
-0.776997 -79.7049
-0.7379 -79.6938
-0.727619 -79.6913
-0.698944 -79.6821
-0.680825 -79.6772
-0.64142 -79.6684
-0.626089 -79.6656
-0.620307 -79.6651
-0.580225 -79.6583
-0.570217 -79.6554
-0.541821 -79.6504
-0.524867 -79.6463
-0.506278 -79.6413
-0.489861 -79.6359
-0.461995 -79.628
-0.439447 -79.6233
-0.434467 -79.6181
-0.400918 -79.6121
-0.395445 -79.6097
-0.357104 -79.5976
-0.339485 -79.5921
-0.309506 -79.5817
-0.301168 -79.5816
-0.271388 -79.5719
-0.243621 -79.5618
-0.224588 -79.5543
-0.203544 -79.5482
-0.168369 -79.5382
-0.16225 -79.5387
-0.14372 -79.5313
-0.110786 -79.5239
-0.102692 -79.5211
-0.0700488 -79.5115
-0.0395535 -79.5019
-0.0289727 -79.4991
0.00244812 -79.4945
0.0372932 -79.4731
0.0439121 -79.4756
0.0641457 -79.4715
0.0971418 -79.4605
0.104221 -79.4447
0.139309 -79.4516
0.148019 -79.4483
0.170311 -79.4404
0.205651 -79.4276
0.250118 -79.4152
0.256595 -79.4126
0.277545 -79.4094
0.321968 -79.3894
0.35807 -79.3792
0.385688 -79.375
0.391693 -79.3668
0.413693 -79.3713
0.437802 -79.3573
0.459586 -79.3539
0.484285 -79.3416
0.507182 -79.3314
0.546563 -79.3144
0.557128 -79.3158
0.596556 -79.2989
0.606661 -79.2907
0.632214 -79.2832
0.679654 -79.2653
0.692036 -79.2611
0.726987 -79.2478
0.750553 -79.2404
0.792333 -79.2245
0.80326 -79.2171
0.844999 -79.2007
0.855916 -79.1975
0.884081 -79.1858
0.896615 -79.1811
0.932527 -79.1673
0.9557 -79.1601
0.980954 -79.1501
1.00347 -79.1421
1.04333 -79.1277
1.05337 -79.1241
1.09371 -79.1048
1.10454 -79.1054
1.13152 -79.0938
1.18121 -79.0675
1.20468 -79.06
1.2312 -79.056
1.2545 -79.0475
1.29339 -79.0338
1.3035 -79.0224
1.34207 -79.0028
1.3519 -78.9986
1.37848 -78.9825
1.42853 -78.9682
1.48075 -78.9454
1.50452 -78.9332
1.55821 -78.9154
1.58708 -78.9161
1.6384 -78.8927
1.68181 -78.8699
1.68896 -78.864
1.74153 -78.8425
1.76729 -78.8346
1.81039 -78.815
1.82186 -78.8111
1.84295 -78.8019
1.85021 -78.792
1.90374 -78.777
1.91708 -78.7716
1.95519 -78.7527
1.97966 -78.7455
2.00741 -78.7377
2.03138 -78.7284
2.07234 -78.7152
2.08278 -78.7096
2.10305 -78.7041
2.11071 -78.7037
2.13466 -78.6961
2.16206 -78.6832
2.21617 -78.6637
2.24157 -78.652
2.26998 -78.6374
2.29517 -78.6272
2.34919 -78.6049
2.37099 -78.5971
2.37847 -78.5894
2.4251 -78.5728
2.43386 -78.5798
2.49005 -78.5647
2.51467 -78.5353
2.54447 -78.5235
2.57045 -78.5091
2.62661 -78.4898
2.64784 -78.48
2.65483 -78.4659
2.70487 -78.4758
2.73806 -78.4611
2.76772 -78.4436
2.82254 -78.3969
2.85009 -78.4043
2.90703 -78.3805
2.93725 -78.3643
2.96339 -78.3517
2.99358 -78.3373
3.05029 -78.3139
3.07526 -78.2856
3.10673 -78.2844
3.13327 -78.2755
3.18929 -78.2462
3.21132 -78.235
3.21965 -78.2321
3.26862 -78.2087
3.27712 -78.2041
3.33521 -78.177
3.36203 -78.1638
3.39216 -78.1393
3.41887 -78.1229
3.4756 -78.0941
3.49737 -78.0776
3.50551 -78.0719
3.55404 -78.0455
3.56253 -78.0434
3.62013 -78.0084
3.64837 -78.0005
3.6791 -77.9867
3.70564 -77.9711
3.76055 -77.9407
3.78138 -77.9309
3.78982 -77.9307
3.83519 -77.9029
3.84295 -77.8985
3.88976 -77.8621
3.89988 -77.8687
3.92772 -77.8551
3.98692 -77.8246
4.04542 -77.7831
4.07948 -77.7642
4.13396 -77.7383
4.14369 -77.7379
4.19615 -77.6978
4.23717 -77.6937
4.29938 -77.6524
4.36365 -77.6266
4.38898 -77.6161
4.42627 -77.5807
4.46265 -77.5753
4.51684 -77.5411
4.5438 -77.5324
4.5574 -77.5276
4.62511 -77.4869
4.67991 -77.4547
4.69375 -77.4458
4.72307 -77.4446
4.79194 -77.3995
4.86245 -77.358
4.90832 -77.3482
4.97739 -77.2893
5.03589 -77.2589
5.07975 -77.2335
5.09152 -77.236
5.15441 -77.1998
5.1993 -77.1761
5.23615 -77.1443
5.27002 -77.1255
5.3266 -77.0929
5.34131 -77.0808
5.40426 -77.0442
5.42075 -77.0329
5.45272 -77.0146
5.50334 -76.9901
5.53203 -76.9564
5.61512 -76.9216
5.66391 -76.8892
5.74357 -76.8398
5.80698 -76.803
5.85366 -76.765
5.88599 -76.7439
5.93605 -76.7177
6.01753 -76.6708
6.06445 -76.6329
6.14231 -76.5854
6.20426 -76.5429
6.21991 -76.5311
6.25162 -76.5128
6.32888 -76.4574
6.40575 -76.4011
6.48355 -76.3531
6.51401 -76.3344
6.52828 -76.3198
6.58597 -76.2753
6.63017 -76.2446
6.6594 -76.2215
6.7019 -76.183
6.77536 -76.1274
6.80522 -76.1061
6.82137 -76.0974
6.89392 -76.0379
6.95217 -75.9897
6.96566 -75.9729
6.99674 -75.958
7.03836 -75.9135
7.11262 -75.8576
7.14124 -75.8377
7.18583 -75.8041
7.24261 -75.7585
7.25478 -75.7368
7.28242 -75.7154
7.32404 -75.6765
7.34875 -75.6459
7.39101 -75.6072
7.41891 -75.5847
7.4864 -75.5181
7.52789 -75.4787
7.58092 -75.4267
7.59483 -75.4143
7.64922 -75.3644
7.6881 -75.3217
7.71503 -75.2949
7.75307 -75.2516
7.81822 -75.1821
7.84163 -75.1518
7.85362 -75.1371
7.90118 -75.0857
7.9117 -75.0676
7.93347 -75.0386
7.95371 -75.0025
7.98881 -74.9611
8.05004 -74.8918
8.0735 -74.8616
8.11216 -74.8248
8.14718 -74.7766
8.20597 -74.7056
8.22763 -74.6759
8.28461 -74.6026
8.29318 -74.5924
8.34268 -74.5281
8.36625 -74.4987
8.40977 -74.445
8.43822 -74.4128
8.48237 -74.3527
8.49232 -74.3336
8.51377 -74.3061
8.5225 -74.2968
8.5497 -74.2648
8.57757 -74.2233
8.5999 -74.1842
8.62986 -74.1452
8.64273 -74.1237
8.67578 -74.0778
8.69906 -74.0493
8.70976 -74.0325
8.75155 -73.9702
8.76323 -73.9547
8.78327 -73.9247
8.81453 -73.8788
8.8334 -73.8485
8.85195 -73.8154
8.8836 -73.7728
8.90396 -73.7412
8.93279 -73.6961
8.96164 -73.6462
9.0118 -73.5696
9.03329 -73.5432
9.03963 -73.5324
9.07618 -73.4595
9.08451 -73.4509
9.12072 -73.3794
9.12748 -73.3677
9.1626 -73.2961
9.19205 -73.2528
9.2268 -73.1911
9.23473 -73.1727
9.25161 -73.1423
9.25609 -73.1288
9.29086 -73.058
9.31178 -73.0302
9.34114 -72.9678
9.35379 -72.9473
9.379 -72.8988
9.39552 -72.8654
9.40332 -72.847
9.4347 -72.7825
9.44209 -72.7641
9.45772 -72.7335
9.46321 -72.7215
9.48251 -72.6845
9.50021 -72.6379
9.51704 -72.5978
9.53105 -72.5656
9.55437 -72.5165
9.572 -72.4705
9.59018 -72.433
9.61847 -72.3662
9.62232 -72.347
9.63526 -72.3141
9.64181 -72.3039
9.65574 -72.2634
9.67306 -72.2194
9.68341 -72.1999
9.70452 -72.1351
9.71847 -72.0957
9.73636 -72.0513
9.75141 -72.0124
9.77346 -71.9424
9.78166 -71.9263
9.79254 -71.8933
9.79556 -71.8803
9.80798 -71.8402
9.82387 -71.7958
9.83594 -71.7549
9.85075 -71.7101
9.87165 -71.6364
9.88849 -71.5861
9.91053 -71.5001
9.92005 -71.4664
9.92359 -71.4539
9.94101 -71.3771
9.94357 -71.3638
9.9636 -71.274
9.96907 -71.2512
9.9845 -71.185
9.9934 -71.1429
10.0076 -71.0724
10.0181 -71.0183
10.0207 -71.0052
10.0348 -70.9279
10.0373 -70.9151
10.0533 -70.826
10.0577 -70.8028
10.0616 -70.7849
10.0706 -70.7371
10.0753 -70.7145
10.0888 -70.6246
10.0917 -70.6056
10.0982 -70.5572
10.1016 -70.5338
10.1107 -70.4669
10.1144 -70.444
10.1237 -70.3783
10.1265 -70.3552
10.1352 -70.2897
10.1379 -70.266
10.1395 -70.2474
10.1477 -70.1757
10.15 -70.157
10.1532 -70.1066
10.1598 -70.0273
10.1619 -70.0145
10.1655 -69.9716
10.1692 -69.9222
10.1728 -69.8805
10.1766 -69.8323
10.1801 -69.7907
10.1849 -69.7187
10.1857 -69.6998
10.1895 -69.6526
10.1909 -69.6296
10.1947 -69.5639
10.1956 -69.541
10.1998 -69.4752
10.2011 -69.4523
10.2009 -69.4334
10.2025 -69.3613
10.2024 -69.3424
10.203 -69.27
10.2033 -69.2156
10.2035 -69.2026
10.2013 -69.1253
10.2029 -69.1133
10.202 -69.0708
10.2017 -69.0234
10.2006 -69.0001
10.1999 -68.9813
10.1973 -68.9093
10.1923 -68.8163
10.1922 -68.7969
10.1893 -68.7477
10.188 -68.7237
10.1847 -68.6567
10.1831 -68.6334
10.1787 -68.5671
10.1752 -68.5431
10.1736 -68.5248
10.1656 -68.4345
10.1553 -68.3642
10.1489 -68.3122
10.1468 -68.2987
10.1442 -68.2762
10.1367 -68.2109
10.1299 -68.17
10.1234 -68.1238
10.1173 -68.0828
10.1072 -68.0124
10.1068 -67.995
10.0936 -67.9246
10.0831 -67.8717
10.0795 -67.8587
10.0655 -67.7827
10.0625 -67.7693
10.0476 -67.6941
10.0451 -67.6815
10.0376 -67.6407
10.0239 -67.5717
10.0194 -67.5533
10.0067 -67.4848
9.99066 -67.4205
9.97382 -67.348
9.96948 -67.3355
9.95242 -67.2626
9.94872 -67.2504
9.94313 -67.228
9.92125 -67.1421
9.89917 -67.0559
9.88342 -66.9928
9.86286 -66.9204
9.85366 -66.8864
9.83224 -66.8234
9.82612 -66.8017
9.80047 -66.7172
9.78729 -66.6668
9.77934 -66.633
9.7588 -66.5699
9.75205 -66.5484
9.72911 -66.486
9.69964 -66.4041
9.68628 -66.3653
9.6609 -66.3
9.6556 -66.2827
9.64422 -66.2511
9.64177 -66.24
9.61329 -66.1581
9.60576 -66.1369
9.58384 -66.0764
9.55969 -66.0054
9.55326 -65.9934
9.54608 -65.972
9.54152 -65.9555
9.51619 -65.873
9.50565 -65.8403
9.50249 -65.8284
9.48663 -65.7905
9.46887 -65.7479
9.44154 -65.6792
9.4376 -65.6677
9.40989 -65.5985
9.40711 -65.5869
9.391 -65.5489
9.36517 -65.4843
9.36347 -65.4679
9.34762 -65.4246
9.34028 -65.4033
9.31408 -65.3444
9.28824 -65.2763
9.28304 -65.2648
9.27575 -65.2442
9.25332 -65.1856
9.23891 -65.1492
9.21275 -65.0852
9.20028 -65.0691
9.18786 -65.0377
9.18556 -65.0261
9.15657 -64.9579
9.14893 -64.9466
9.11349 -64.8664
9.10476 -64.8457
9.08265 -64.7864
9.07545 -64.7658
9.06728 -64.7493
9.03987 -64.6875
9.03407 -64.6716
9.02136 -64.6417
9.01279 -64.6307
9.00312 -64.6109
8.98205 -64.5539
8.94004 -64.477
8.9059 -64.3992
8.88839 -64.3625
8.85871 -64.3013
8.85114 -64.2861
8.83309 -64.2436
8.82364 -64.2231
8.79405 -64.1655
8.7579 -64.0874
