0.251855 -79.8483
0.296192 -79.8249
0.315015 -79.8126
0.398369 -79.7603
0.418066 -79.7502
0.52219 -79.6928
0.606369 -79.6474
0.626053 -79.6344
0.730629 -79.5812
0.77229 -79.5595
0.807809 -79.5404
0.835613 -79.5277
0.941699 -79.4752
0.985068 -79.455
1.04965 -79.4255
1.09129 -79.4023
1.15599 -79.3699
1.1984 -79.3494
1.26369 -79.3233
1.3069 -79.303
1.34364 -79.2857
1.37082 -79.2704
1.41259 -79.2504
1.47992 -79.2251
1.56817 -79.1857
1.58953 -79.1744
1.69798 -79.1243
1.74025 -79.1051
1.80619 -79.0791
1.84971 -79.0623
1.91397 -79.0326
1.95785 -79.0156
2.02312 -78.9867
2.11075 -78.952
2.13059 -78.9445
2.2369 -78.9003
2.3158 -78.8671
2.34363 -78.8577
2.3863 -78.8403
2.42318 -78.8243
2.45145 -78.81
2.53236 -78.7782
2.55989 -78.7658
2.63937 -78.7308
2.66862 -78.7219
2.75733 -78.6869
2.77798 -78.6762
2.86683 -78.6422
2.88671 -78.6325
2.92969 -78.615
2.96725 -78.5983
2.99726 -78.5896
3.10694 -78.5449
3.15135 -78.5308
3.2178 -78.5076
3.2617 -78.491
3.32662 -78.4626
3.43359 -78.4197
3.47549 -78.3967
3.51222 -78.3863
3.54092 -78.3757
3.61856 -78.3426
3.62685 -78.338
3.73142 -78.2927
3.75034 -78.2805
3.83622 -78.2485
3.85582 -78.2444
3.93351 -78.2067
3.94183 -78.2049
4.00287 -78.17
4.04745 -78.1535
4.1093 -78.126
4.15269 -78.1043
4.21471 -78.0764
4.26011 -78.0564
4.32254 -78.0307
4.36657 -78.0045
4.47183 -77.9508
4.53327 -77.9216
4.57759 -77.9006
4.63894 -77.8789
4.68046 -77.8432
4.74333 -77.8231
4.78725 -77.7979
4.89448 -77.7522
4.95493 -77.7188
4.9924 -77.7096
5.0589 -77.6671
5.09836 -77.6342
5.15716 -77.6037
5.20118 -77.5943
5.25804 -77.5509
5.30082 -77.5367
5.35879 -77.5032
5.40225 -77.4903
5.49486 -77.4399
5.56097 -77.4011
5.59297 -77.3676
5.60312 -77.3778
5.70013 -77.3013
5.75834 -77.2701
5.80143 -77.2523
5.90339 -77.2027
5.95919 -77.1557
6.0568 -77.0914
6.09838 -77.0629
6.12003 -77.0635
6.19336 -76.9965
6.28615 -76.931
6.34067 -76.8908
6.38152 -76.8728
6.46678 -76.8121
6.52317 -76.7523
6.55414 -76.7289
6.57607 -76.7012
6.65205 -76.652
6.73273 -76.5879
6.74077 -76.5886
6.82088 -76.5217
6.82654 -76.5119
6.90812 -76.4514
6.96424 -76.4044
7.01585 -76.3616
7.08561 -76.3062
7.1005 -76.2892
7.17223 -76.2343
7.18756 -76.2183
7.25824 -76.1587
7.27433 -76.144
7.30798 -76.1125
7.39182 -76.0368
7.42753 -76.0089
7.47621 -75.9685
7.50748 -75.9292
7.58999 -75.8552
7.67055 -75.7709
7.71893 -75.7241
7.80044 -75.6436
7.83326 -75.6088
7.90886 -75.5271
7.98438 -75.4466
8.027 -75.3964
8.05789 -75.3607
8.10165 -75.316
8.12735 -75.2881
8.1327 -75.2821
8.20603 -75.1997
8.24711 -75.1488
8.27644 -75.1132
8.31814 -75.0653
8.34598 -75.027
8.38569 -74.976
8.41755 -74.9448
8.45617 -74.8922
8.48181 -74.8526
8.51947 -74.7987
8.54421 -74.7564
8.58256 -74.7042
8.61195 -74.6714
8.66895 -74.5735
8.70629 -74.5219
8.73401 -74.4864
8.76912 -74.4322
8.7849 -74.3939
8.78903 -74.3873
8.84419 -74.3048
8.84551 -74.2926
8.89035 -74.1955
8.90065 -74.1967
8.93128 -74.1411
8.94903 -74.0965
9.00123 -74.003
9.03467 -73.9531
9.04585 -73.9131
9.04964 -73.9051
9.09404 -73.8033
9.12875 -73.7555
9.14099 -73.7046
9.18872 -73.6083
9.20991 -73.5463
9.22777 -73.5051
9.25139 -73.4467
9.26712 -73.4034
9.29482 -73.3492
9.31528 -73.2847
9.35389 -73.2097
9.39187 -73.1057
9.4318 -73.0151
9.45805 -72.9484
9.48812 -72.8932
9.50288 -72.8515
9.52498 -72.7887
9.54142 -72.7507
9.56851 -72.696
9.5813 -72.6556
9.60097 -72.5929
9.61513 -72.5529
9.63808 -72.4948
9.65248 -72.4565
9.66398 -72.4225
9.67407 -72.3976
9.69923 -72.3239
9.70785 -72.2983
9.73454 -72.2163
9.73982 -72.1977
9.77527 -72.1017
9.78826 -72.0617
9.80223 -72.0206
9.82075 -71.9626
9.83203 -71.9281
9.84209 -71.9043
9.87415 -71.8015
9.88481 -71.7588
9.89982 -71.6934
9.91019 -71.6535
9.93554 -71.5535
9.94749 -71.4912
9.95691 -71.451
9.96621 -71.4086
9.97426 -71.3459
9.98597 -71.2847
10.0002 -71.2006
10.0016 -71.1793
10.0184 -71.0756
10.0218 -71.0323
10.0325 -70.9251
10.0374 -70.8897
10.0394 -70.8604
10.048 -70.7543
10.0518 -70.7127
10.0566 -70.6491
10.0603 -70.6075
10.0641 -70.5436
10.0657 -70.5012
10.0655 -70.4374
10.0657 -70.3952
10.0673 -70.3606
10.067 -70.3323
10.0677 -70.2469
10.0668 -70.2277
10.0641 -70.119
10.0625 -70.0322
10.0622 -70.0122
10.0598 -69.9056
10.0567 -69.8628
10.0541 -69.8178
10.0546 -69.7982
10.0464 -69.6893
10.0438 -69.647
10.0397 -69.5827
10.0358 -69.5392
10.0294 -69.4736
10.0213 -69.3932
10.0201 -69.3845
10.0136 -69.3208
10.007 -69.2831
10.0055 -69.2555
9.99814 -69.2119
9.98756 -69.1456
9.97931 -69.1015
9.97001 -69.0364
9.96024 -68.9911
9.95188 -68.9251
9.93442 -68.8409
9.92201 -68.7678
9.91745 -68.7298
9.91152 -68.7008
9.88693 -68.5912
9.87481 -68.5468
9.85776 -68.4799
9.84678 -68.4357
9.82757 -68.3671
9.81442 -68.3214
9.78578 -68.2074
9.77564 -68.1595
9.76774 -68.1379
9.73944 -68.0449
9.71813 -67.9794
9.68286 -67.8678
9.66156 -67.8004
9.64843 -67.7562
9.63423 -67.7167
9.60525 -67.6413
9.59237 -67.5945
9.58642 -67.5736
9.5703 -67.5288
9.54474 -67.4592
9.52846 -67.4138
9.48433 -67.2975
9.45882 -67.2272
9.44319 -67.1812
9.39957 -67.0655
9.38441 -67.0263
9.37009 -66.9942
9.33952 -66.9104
9.3287 -66.8806
9.29106 -66.7866
9.28031 -66.7647
9.23373 -66.6486
9.21291 -66.6024
9.16657 -66.4863
9.13356 -66.4152
9.11543 -66.3688
9.08346 -66.2975
9.06242 -66.2501
9.03371 -66.1802
9.01052 -66.1331
8.9876 -66.0845
8.94022 -65.9759
8.9021 -65.899
8.87905 -65.8499
8.87138 -65.8285
8.814 -65.7126
8.79114 -65.6661
8.7558 -65.5959
8.73389 -65.5505
8.70016 -65.4803
8.67649 -65.4333
8.61864 -65.3178
8.58184 -65.2486
8.52279 -65.1318
8.46322 -65.0158
8.39943 -64.9004
8.37448 -64.8541
8.35546 -64.8144
8.34904 -64.8051
8.31456 -64.7379
8.27636 -64.6682
8.22623 -64.5733
